<?xml version="1.0" encoding="UTF-8" standalone="no"?>
<!DOCTYPE svg PUBLIC "-//W3C//DTD SVG 20010904//EN"
              "http://www.w3.org/TR/2001/REC-SVG-20010904/DTD/svg10.dtd">

<svg xmlns="http://www.w3.org/2000/svg"
     width="27in" height="40in"
     viewBox="0 0 2592 3840">
  <path id="acute-1"
        fill="none" stroke="black" stroke-width="1"
        d="M 937.00,1733.00
           C 937.00,1733.00 919.00,1747.73 919.00,1747.73
             919.00,1747.73 904.04,1756.79 904.04,1756.79
             900.43,1759.54 900.23,1761.05 897.63,1763.55
             897.63,1763.55 884.17,1773.34 884.17,1773.34
             884.17,1773.34 869.00,1785.31 869.00,1785.31
             869.00,1785.31 857.00,1795.22 857.00,1795.22
             854.73,1796.80 842.56,1802.54 842.74,1795.86
             842.85,1792.12 848.29,1788.77 850.99,1786.82
             857.25,1782.28 861.92,1775.83 867.37,1770.45
             872.81,1765.08 884.35,1758.83 891.00,1753.97
             891.00,1753.97 909.42,1739.84 909.42,1739.84
             909.42,1739.84 914.92,1736.29 914.92,1736.29
             914.92,1736.29 937.00,1718.23 937.00,1718.23
             937.00,1718.23 944.00,1713.59 944.00,1713.59
             944.00,1713.59 959.82,1700.72 959.82,1700.72
             964.13,1697.10 966.50,1693.65 972.96,1694.23
             982.82,1695.12 973.56,1708.24 971.05,1712.00
             966.59,1718.68 964.14,1719.67 958.15,1723.85
             956.34,1725.12 955.05,1726.63 952.91,1727.42
             950.40,1728.34 947.53,1727.63 945.14,1729.02
             940.57,1731.68 943.89,1734.61 936.00,1738.00
             936.00,1738.00 936.00,1740.00 936.00,1740.00
             943.34,1745.08 935.85,1746.75 932.41,1749.68
             932.41,1749.68 929.23,1753.42 929.23,1753.42
             929.23,1753.42 924.42,1758.10 924.42,1758.10
             924.42,1758.10 921.08,1763.42 921.08,1763.42
             919.48,1765.20 917.42,1765.20 915.58,1767.31
             915.58,1767.31 912.42,1772.83 912.42,1772.83
             908.14,1778.63 903.71,1779.46 897.00,1780.00
             897.00,1780.00 906.67,1768.87 906.67,1768.87
             906.67,1768.87 911.68,1761.42 911.68,1761.42
             911.68,1761.42 920.17,1752.00 920.17,1752.00
             920.17,1752.00 937.00,1733.00 937.00,1733.00 Z
           M 863.00,1812.00
           C 865.63,1804.26 874.78,1792.75 883.00,1791.00
             882.97,1794.09 883.08,1797.10 881.55,1799.91
             879.09,1804.40 868.02,1811.30 863.00,1812.00 Z
           M 832.00,1819.00
           C 834.81,1807.29 842.87,1810.21 844.00,1820.00
             844.00,1820.00 841.00,1816.00 841.00,1816.00
             841.00,1816.00 832.00,1819.00 832.00,1819.00 Z" />
</svg>
