<?xml version="1.0" encoding="UTF-8" standalone="no"?>
<!DOCTYPE svg PUBLIC "-//W3C//DTD SVG 20010904//EN"
              "http://www.w3.org/TR/2001/REC-SVG-20010904/DTD/svg10.dtd">

<svg xmlns="http://www.w3.org/2000/svg"
     width="32in" height="42.6667in"
     viewBox="0 0 3072 4096">
  <path id="circumflex-1"
        fill="none" stroke="black" stroke-width="1"
        d="M 1691.00,1955.00
           C 1701.60,1950.53 1707.20,1945.95 1719.00,1951.98
             1720.73,1952.86 1725.20,1955.54 1726.61,1956.90
             1729.98,1960.82 1725.93,1968.98 1726.61,1974.00
             1726.61,1974.00 1731.10,1989.00 1731.10,1989.00
             1731.10,1989.00 1734.33,2009.00 1734.33,2009.00
             1735.48,2015.56 1736.95,2013.51 1736.78,2023.00
             1737.02,2026.66 1735.65,2035.80 1736.78,2038.00
             1738.45,2042.58 1743.41,2044.25 1743.41,2047.03
             1743.41,2049.89 1738.96,2051.51 1736.89,2054.26
             1735.22,2056.46 1733.24,2065.07 1732.85,2068.00
             1731.74,2076.34 1739.57,2076.60 1740.60,2082.04
             1742.01,2089.50 1734.67,2093.15 1734.24,2096.43
             1733.69,2100.68 1741.99,2107.58 1744.43,2111.00
             1748.45,2116.63 1744.54,2115.46 1750.00,2125.00
             1746.22,2126.24 1738.87,2127.56 1739.58,2132.95
             1740.27,2138.29 1753.12,2140.91 1755.40,2146.21
             1758.34,2153.01 1751.33,2159.40 1752.24,2166.00
             1753.29,2173.67 1761.61,2181.18 1766.00,2187.00
             1766.00,2187.00 1761.00,2188.00 1761.00,2188.00
             1761.46,2192.44 1762.02,2193.00 1762.96,2197.00
             1764.40,2203.10 1764.30,2208.90 1772.00,2210.41
             1774.49,2210.90 1775.72,2210.12 1777.98,2209.80
             1783.24,2209.06 1782.56,2212.07 1783.37,2216.00
             1783.37,2216.00 1787.01,2231.53 1787.01,2231.53
             1788.89,2233.99 1793.24,2233.10 1796.00,2233.00
             1796.10,2243.55 1797.10,2240.85 1802.37,2248.04
             1802.37,2248.04 1807.38,2255.91 1807.38,2255.91
             1809.41,2258.38 1810.85,2259.08 1812.70,2262.09
             1818.13,2270.92 1813.76,2271.42 1815.65,2278.00
             1817.53,2284.53 1822.53,2290.61 1826.37,2296.00
             1830.16,2301.31 1830.40,2303.62 1836.00,2308.00
             1835.52,2309.97 1834.26,2313.14 1834.46,2315.00
             1834.69,2317.15 1836.25,2318.69 1836.70,2322.00
             1837.09,2324.83 1836.06,2326.77 1838.47,2329.47
             1841.84,2333.27 1848.38,2334.46 1853.00,2336.00
             1853.00,2336.00 1853.00,2338.00 1853.00,2338.00
             1853.00,2338.00 1848.00,2340.00 1848.00,2340.00
             1848.00,2340.00 1848.00,2342.00 1848.00,2342.00
             1848.00,2342.00 1859.14,2350.30 1859.14,2350.30
             1859.14,2350.30 1868.09,2360.22 1868.09,2360.22
             1868.09,2360.22 1888.78,2358.91 1888.78,2358.91
             1888.78,2358.91 1895.65,2370.79 1895.65,2370.79
             1895.65,2370.79 1907.30,2380.68 1907.30,2380.68
             1907.30,2380.68 1911.01,2389.91 1911.01,2389.91
             1911.01,2389.91 1916.00,2399.00 1916.00,2399.00
             1916.00,2399.00 1909.00,2401.00 1909.00,2401.00
             1915.40,2401.66 1917.44,2404.29 1922.00,2401.00
             1926.65,2402.38 1933.35,2407.69 1933.51,2413.00
             1933.58,2415.38 1931.02,2417.19 1931.07,2425.00
             1931.13,2432.06 1933.59,2436.22 1934.02,2439.00
             1934.02,2439.00 1932.31,2462.99 1932.31,2462.99
             1932.69,2466.40 1934.56,2467.56 1935.44,2470.17
             1936.59,2473.56 1935.64,2482.62 1934.29,2485.91
             1932.60,2490.01 1927.60,2492.84 1925.23,2497.43
             1921.75,2504.13 1928.08,2508.58 1916.00,2512.32
             1901.83,2516.70 1891.33,2503.10 1885.61,2492.00
             1885.61,2492.00 1882.88,2485.17 1882.88,2485.17
             1882.88,2485.17 1879.40,2479.91 1879.40,2479.91
             1876.77,2475.13 1877.54,2471.73 1875.41,2469.59
             1873.28,2467.47 1859.59,2464.34 1856.00,2463.00
             1855.19,2451.82 1850.01,2445.89 1840.96,2439.67
             1840.96,2439.67 1832.32,2435.11 1832.32,2435.11
             1832.32,2435.11 1827.68,2430.31 1827.68,2430.31
             1825.42,2428.26 1824.37,2428.39 1822.51,2427.08
             1822.51,2427.08 1817.82,2422.83 1817.82,2422.83
             1814.10,2419.95 1809.80,2418.29 1806.17,2414.79
             1806.17,2414.79 1795.23,2400.94 1795.23,2400.94
             1792.41,2397.67 1790.67,2397.45 1788.63,2395.37
             1779.40,2385.93 1788.68,2374.09 1776.00,2370.00
             1779.90,2382.22 1777.83,2376.11 1777.00,2387.00
             1765.08,2390.38 1760.76,2381.76 1754.54,2373.27
             1752.52,2370.51 1750.00,2368.22 1748.72,2365.00
             1747.36,2361.57 1748.40,2361.36 1745.42,2355.00
             1742.75,2349.29 1740.11,2344.39 1740.00,2338.00
             1739.95,2334.48 1740.33,2329.23 1739.32,2326.00
             1737.78,2321.11 1734.49,2318.10 1732.04,2314.00
             1732.04,2314.00 1724.47,2297.00 1724.47,2297.00
             1724.47,2297.00 1723.79,2291.00 1723.79,2291.00
             1723.79,2291.00 1722.21,2284.00 1722.21,2284.00
             1722.21,2284.00 1721.66,2278.00 1721.66,2278.00
             1720.12,2269.86 1716.07,2270.66 1715.94,2260.00
             1715.94,2260.00 1715.94,2248.00 1715.94,2248.00
             1715.28,2242.65 1714.05,2244.13 1714.00,2236.00
             1714.00,2236.00 1714.00,2219.00 1714.00,2219.00
             1713.98,2207.43 1712.07,2204.43 1708.67,2194.00
             1708.67,2194.00 1705.54,2183.17 1705.54,2183.17
             1703.63,2179.02 1697.95,2175.21 1696.42,2169.00
             1694.92,2162.96 1695.44,2153.21 1695.84,2147.00
             1695.92,2144.87 1695.37,2142.01 1695.84,2140.17
             1696.73,2137.20 1698.72,2137.05 1700.18,2131.00
             1700.18,2131.00 1702.54,2120.00 1702.54,2120.00
             1702.47,2117.37 1701.07,2115.42 1701.16,2112.00
             1701.25,2108.19 1703.04,2106.36 1702.66,2102.00
             1702.66,2102.00 1700.17,2089.00 1700.17,2089.00
             1699.34,2080.71 1701.44,2073.10 1691.00,2070.00
             1690.28,2075.07 1685.95,2078.95 1682.67,2082.84
             1682.67,2082.84 1674.63,2093.33 1674.63,2093.33
             1674.63,2093.33 1659.52,2106.72 1659.52,2106.72
             1657.42,2109.05 1654.18,2113.20 1652.92,2116.00
             1651.55,2119.04 1651.86,2121.70 1649.35,2124.45
             1646.70,2127.35 1639.88,2129.67 1637.94,2132.47
             1635.97,2135.31 1637.72,2139.03 1636.01,2141.37
             1634.52,2143.43 1632.10,2142.01 1628.62,2146.20
             1628.62,2146.20 1616.79,2164.83 1616.79,2164.83
             1613.97,2167.81 1608.86,2170.48 1607.34,2174.04
             1606.38,2176.31 1607.08,2178.85 1606.51,2182.00
             1606.51,2182.00 1604.23,2189.00 1604.23,2189.00
             1603.74,2192.16 1604.00,2200.33 1604.23,2204.00
             1593.00,2205.73 1593.67,2209.02 1589.01,2217.00
             1589.01,2217.00 1581.61,2228.57 1581.61,2228.57
             1581.61,2228.57 1578.85,2233.84 1578.85,2233.84
             1576.14,2237.93 1563.36,2253.23 1559.91,2255.70
             1555.53,2258.84 1551.92,2259.50 1548.00,2261.79
             1541.02,2265.86 1539.04,2269.10 1540.00,2277.00
             1529.98,2280.21 1531.87,2283.81 1534.00,2292.00
             1527.97,2295.28 1520.15,2303.19 1516.91,2309.28
             1516.91,2309.28 1514.42,2315.00 1514.42,2315.00
             1512.51,2318.07 1507.86,2321.75 1510.78,2325.69
             1513.13,2328.86 1517.69,2327.56 1521.00,2328.30
             1523.81,2328.93 1525.68,2330.43 1528.00,2332.00
             1522.30,2339.15 1521.29,2334.19 1513.00,2337.48
             1506.50,2340.05 1500.24,2345.52 1496.00,2351.15
             1494.46,2350.99 1493.57,2350.84 1492.00,2351.15
             1480.25,2354.80 1489.86,2363.39 1481.79,2370.51
             1478.99,2372.97 1476.38,2372.85 1471.94,2379.00
             1469.25,2382.72 1469.39,2384.03 1467.73,2386.83
             1466.74,2388.51 1458.34,2399.04 1456.90,2400.25
             1451.75,2404.58 1440.10,2410.19 1439.06,2416.91
             1438.55,2418.49 1439.10,2419.16 1439.06,2420.42
             1440.00,2425.54 1436.17,2426.73 1433.43,2430.17
             1430.32,2434.06 1429.70,2439.65 1432.00,2444.00
             1424.28,2446.90 1430.59,2450.05 1426.63,2452.98
             1424.85,2454.30 1422.00,2453.59 1419.10,2455.60
             1416.58,2457.35 1415.27,2460.25 1413.08,2462.14
             1413.08,2462.14 1405.04,2466.86 1405.04,2466.86
             1398.65,2471.80 1396.80,2477.75 1387.58,2481.20
             1381.93,2483.31 1374.71,2475.05 1374.18,2470.00
             1374.18,2470.00 1376.00,2460.00 1376.00,2460.00
             1366.81,2459.25 1367.53,2453.97 1370.35,2447.00
             1373.35,2439.60 1387.60,2426.35 1390.16,2421.17
             1392.16,2417.12 1389.41,2415.44 1389.51,2412.18
             1389.59,2409.80 1392.54,2406.98 1394.00,2405.00
             1394.00,2405.00 1396.00,2406.00 1396.00,2406.00
             1396.00,2406.00 1405.52,2387.00 1405.52,2387.00
             1405.52,2387.00 1413.36,2376.96 1413.36,2376.96
             1416.23,2371.80 1415.81,2368.19 1417.76,2364.42
             1417.76,2364.42 1427.00,2351.00 1427.00,2351.00
             1429.09,2347.52 1429.15,2344.77 1434.24,2337.00
             1434.24,2337.00 1444.64,2324.28 1444.64,2324.28
             1450.09,2317.21 1449.74,2314.42 1451.58,2312.31
             1453.72,2309.85 1456.38,2310.12 1458.28,2307.69
             1461.17,2303.98 1458.24,2302.11 1465.00,2300.00
             1466.24,2290.89 1472.34,2284.67 1476.61,2277.00
             1479.06,2272.60 1480.58,2268.33 1486.00,2268.00
             1486.00,2268.00 1488.32,2261.00 1488.32,2261.00
             1490.33,2254.58 1489.97,2252.15 1494.91,2246.23
             1494.91,2246.23 1507.89,2232.91 1507.89,2232.91
             1509.22,2230.08 1507.59,2227.94 1509.31,2224.00
             1511.35,2219.36 1515.72,2215.93 1518.35,2211.72
             1520.57,2208.16 1519.86,2204.41 1523.21,2199.01
             1526.31,2194.03 1529.83,2193.12 1534.52,2186.00
             1537.93,2180.83 1537.42,2177.66 1539.59,2174.27
             1541.41,2171.44 1543.35,2171.42 1545.87,2167.89
             1545.87,2167.89 1554.95,2153.04 1554.95,2153.04
             1554.95,2153.04 1562.74,2143.00 1562.74,2143.00
             1562.74,2143.00 1566.72,2135.09 1566.72,2135.09
             1566.72,2135.09 1572.49,2128.93 1572.49,2128.93
             1572.49,2128.93 1580.95,2118.37 1580.95,2118.37
             1585.82,2112.61 1586.67,2113.43 1591.87,2104.96
             1591.87,2104.96 1600.40,2082.00 1600.40,2082.00
             1600.40,2082.00 1601.80,2074.00 1601.80,2074.00
             1601.80,2074.00 1609.69,2055.42 1609.69,2055.42
             1609.69,2055.42 1615.11,2046.00 1615.11,2046.00
             1615.11,2046.00 1624.55,2025.01 1624.55,2025.01
             1624.55,2025.01 1634.71,2010.76 1634.71,2010.76
             1634.71,2010.76 1641.60,2004.22 1641.60,2004.22
             1642.58,2002.35 1641.62,1999.96 1643.15,1996.00
             1643.95,1993.91 1651.09,1984.14 1652.75,1982.56
             1654.92,1980.48 1657.12,1980.66 1659.63,1978.49
             1659.63,1978.49 1670.17,1967.52 1670.17,1967.52
             1675.46,1963.19 1678.36,1964.62 1680.00,1957.00
             1680.00,1957.00 1693.00,1952.00 1693.00,1952.00
             1693.00,1952.00 1693.00,1953.00 1693.00,1953.00
             1693.00,1953.00 1691.00,1955.00 1691.00,1955.00 Z
           M 1698.00,2169.00
           C 1698.00,2169.00 1697.00,2169.00 1697.00,2169.00
             1697.00,2169.00 1698.00,2170.00 1698.00,2170.00
             1698.00,2170.00 1698.00,2169.00 1698.00,2169.00 Z
           M 1729.00,2229.00
           C 1729.00,2229.00 1727.00,2229.00 1727.00,2229.00
             1727.00,2229.00 1724.00,2233.00 1724.00,2233.00
             1727.65,2232.77 1727.85,2232.44 1729.00,2229.00 Z
           M 1734.00,2283.00
           C 1729.29,2284.01 1727.35,2284.84 1728.00,2290.00
             1732.14,2288.17 1733.24,2287.55 1734.00,2283.00 Z
           M 1755.00,2296.00
           C 1755.00,2296.00 1752.00,2296.00 1752.00,2296.00
             1752.00,2296.00 1751.00,2299.00 1751.00,2299.00
             1751.00,2299.00 1756.00,2300.00 1756.00,2300.00
             1756.00,2300.00 1755.00,2296.00 1755.00,2296.00 Z
           M 1744.00,2306.00
           C 1742.08,2309.38 1744.28,2310.10 1747.00,2312.00
             1747.00,2312.00 1744.00,2306.00 1744.00,2306.00 Z
           M 1771.00,2306.00
           C 1767.63,2309.25 1768.05,2310.47 1768.00,2315.00
             1768.00,2315.00 1777.00,2314.00 1777.00,2314.00
             1777.00,2314.00 1771.00,2306.00 1771.00,2306.00 Z
           M 1746.00,2312.00
           C 1746.00,2312.00 1745.00,2312.00 1745.00,2312.00
             1745.00,2312.00 1746.00,2313.00 1746.00,2313.00
             1746.00,2313.00 1746.00,2312.00 1746.00,2312.00 Z
           M 1788.00,2340.00
           C 1786.75,2336.48 1784.19,2335.33 1782.02,2339.15
             1780.77,2341.40 1781.47,2343.69 1782.02,2346.00
             1782.02,2346.00 1784.00,2346.00 1784.00,2346.00
             1784.00,2346.00 1788.00,2340.00 1788.00,2340.00 Z
           M 1810.00,2362.00
           C 1810.00,2362.00 1812.00,2367.00 1812.00,2367.00
             1812.00,2367.00 1824.00,2369.00 1824.00,2369.00
             1824.00,2369.00 1824.00,2366.00 1824.00,2366.00
             1824.00,2366.00 1810.00,2362.00 1810.00,2362.00 Z
           M 1813.00,2368.00
           C 1813.00,2368.00 1812.00,2368.00 1812.00,2368.00
             1812.00,2368.00 1813.00,2369.00 1813.00,2369.00
             1813.00,2369.00 1813.00,2368.00 1813.00,2368.00 Z
           M 1812.00,2370.00
           C 1812.00,2370.00 1811.00,2370.00 1811.00,2370.00
             1811.00,2370.00 1812.00,2371.00 1812.00,2371.00
             1812.00,2371.00 1812.00,2370.00 1812.00,2370.00 Z
           M 1910.00,2382.00
           C 1910.00,2382.00 1911.00,2382.00 1911.00,2382.00
             1911.00,2382.00 1910.00,2383.00 1910.00,2383.00
             1910.00,2383.00 1910.00,2382.00 1910.00,2382.00 Z
           M 1801.00,2403.00
           C 1801.00,2403.00 1800.00,2403.00 1800.00,2403.00
             1800.00,2403.00 1801.00,2404.00 1801.00,2404.00
             1801.00,2404.00 1801.00,2403.00 1801.00,2403.00 Z
           M 1803.00,2403.00
           C 1803.00,2403.00 1802.00,2403.00 1802.00,2403.00
             1802.00,2403.00 1803.00,2404.00 1803.00,2404.00
             1803.00,2404.00 1803.00,2403.00 1803.00,2403.00 Z
           M 1815.00,2408.00
           C 1815.00,2408.00 1814.00,2408.00 1814.00,2408.00
             1814.00,2408.00 1815.00,2409.00 1815.00,2409.00
             1815.00,2409.00 1815.00,2408.00 1815.00,2408.00 Z
           M 1933.00,2413.00
           C 1933.00,2413.00 1932.00,2413.00 1932.00,2413.00
             1932.00,2413.00 1933.00,2414.00 1933.00,2414.00
             1933.00,2414.00 1933.00,2413.00 1933.00,2413.00 Z
           M 1381.00,2441.00
           C 1385.57,2440.20 1387.25,2437.84 1382.00,2436.00
             1382.00,2436.00 1381.00,2441.00 1381.00,2441.00 Z
           M 1086.00,2546.00
           C 1088.31,2553.24 1080.56,2556.93 1078.14,2563.00
             1076.15,2568.01 1078.08,2571.18 1074.00,2574.00
             1074.00,2574.00 1072.00,2556.00 1072.00,2556.00
             1072.00,2556.00 1086.00,2546.00 1086.00,2546.00 Z
           M 1164.00,2555.00
           C 1169.68,2556.30 1169.86,2559.69 1171.00,2565.00
             1163.85,2562.99 1164.03,2562.86 1164.00,2555.00 Z
           M 1131.00,2581.00
           C 1133.37,2572.63 1137.17,2567.16 1146.00,2565.00
             1144.33,2571.28 1143.37,2569.96 1139.37,2574.20
             1135.41,2578.39 1136.90,2578.55 1131.00,2581.00 Z
           M 1062.00,2569.00
           C 1064.79,2577.43 1067.39,2575.29 1068.37,2580.02
             1069.24,2584.21 1061.75,2592.76 1058.49,2595.10
             1056.80,2596.31 1054.96,2596.58 1053.00,2597.00
             1053.00,2597.00 1058.31,2588.00 1058.31,2588.00
             1058.31,2588.00 1058.31,2579.00 1058.31,2579.00
             1058.31,2579.00 1062.00,2569.00 1062.00,2569.00 Z
           M 1113.00,2575.00
           C 1113.00,2575.00 1117.00,2577.00 1117.00,2577.00
             1117.00,2577.00 1114.00,2581.00 1114.00,2581.00
             1114.00,2581.00 1113.00,2575.00 1113.00,2575.00 Z
           M 1115.00,2578.00
           C 1115.00,2578.00 1114.00,2578.00 1114.00,2578.00
             1114.00,2578.00 1115.00,2579.00 1115.00,2579.00
             1115.00,2579.00 1115.00,2578.00 1115.00,2578.00 Z
           M 1111.00,2581.00
           C 1111.00,2581.00 1112.00,2581.00 1112.00,2581.00
             1112.00,2581.00 1111.00,2582.00 1111.00,2582.00
             1111.00,2582.00 1111.00,2581.00 1111.00,2581.00 Z" />
</svg>
