<?xml version="1.0" encoding="UTF-8" standalone="no"?>
<!DOCTYPE svg PUBLIC "-//W3C//DTD SVG 20010904//EN"
              "http://www.w3.org/TR/2001/REC-SVG-20010904/DTD/svg10.dtd">

<svg xmlns="http://www.w3.org/2000/svg"
     width="27in" height="40in"
     viewBox="0 0 2592 3840">
  <path id="grave-1"
        fill="none" stroke="black" stroke-width="1"
        d="M 560.00,2075.00
           C 569.11,2078.72 566.22,2075.67 572.00,2076.00
             572.00,2076.00 584.00,2077.85 584.00,2077.85
             587.50,2077.56 592.51,2076.00 595.72,2077.85
             598.89,2080.02 598.56,2083.88 599.48,2087.00
             601.00,2092.14 602.28,2091.22 603.00,2098.00
             603.00,2098.00 601.00,2097.00 601.00,2097.00
             601.00,2097.00 600.00,2105.00 600.00,2105.00
             606.56,2109.22 601.66,2111.40 604.48,2121.00
             606.43,2127.64 612.65,2137.85 616.20,2144.00
             616.20,2144.00 635.62,2170.42 635.62,2170.42
             637.94,2174.04 637.84,2177.22 639.33,2181.00
             639.33,2181.00 646.86,2193.83 646.86,2193.83
             646.86,2193.83 663.26,2214.56 663.26,2214.56
             663.26,2214.56 688.28,2236.61 688.28,2236.61
             688.28,2236.61 692.83,2239.40 692.83,2239.40
             697.71,2242.65 697.34,2245.51 700.41,2248.53
             703.46,2251.54 710.82,2254.95 715.00,2256.00
             714.62,2262.61 708.86,2273.36 709.40,2277.01
             710.59,2285.05 717.15,2286.94 721.00,2293.08
             718.89,2293.41 718.23,2293.71 716.00,2293.08
             710.35,2291.75 699.19,2281.74 695.79,2277.00
             695.79,2277.00 689.70,2267.29 689.70,2267.29
             685.80,2262.56 682.01,2261.40 678.71,2255.98
             675.17,2250.18 678.82,2249.11 677.11,2246.60
             675.76,2244.62 672.24,2245.44 669.00,2244.07
             666.92,2243.19 659.11,2237.74 657.41,2236.13
             657.41,2236.13 653.31,2230.58 653.31,2230.58
             651.52,2228.83 649.89,2229.07 646.61,2226.14
             646.61,2226.14 638.70,2217.27 638.70,2217.27
             635.54,2214.28 632.53,2213.93 629.43,2209.96
             627.11,2206.99 627.38,2205.07 625.43,2202.00
             622.55,2197.46 619.19,2194.20 616.67,2189.00
             616.67,2189.00 611.68,2177.21 611.68,2177.21
             610.11,2174.73 608.49,2173.88 606.63,2171.79
             603.62,2168.43 603.49,2166.79 601.46,2164.09
             597.27,2158.50 595.77,2160.17 595.00,2152.00
             589.19,2150.02 590.16,2145.76 585.48,2139.62
             582.22,2135.34 580.54,2134.54 579.50,2133.25
             577.89,2131.25 578.05,2129.64 576.44,2127.00
             576.44,2127.00 570.56,2119.00 570.56,2119.00
             569.04,2116.55 563.48,2101.92 563.00,2099.00
             555.92,2097.78 557.00,2090.75 557.00,2085.00
             561.91,2082.23 560.87,2079.96 560.00,2075.00 Z
           M 711.00,2259.00
           C 711.00,2259.00 706.00,2263.00 706.00,2263.00
             706.00,2263.00 711.00,2259.00 711.00,2259.00 Z" />
</svg>
