<?xml version="1.0" encoding="UTF-8" standalone="no"?>
<!DOCTYPE svg PUBLIC "-//W3C//DTD SVG 20010904//EN"
              "http://www.w3.org/TR/2001/REC-SVG-20010904/DTD/svg10.dtd">

<svg xmlns="http://www.w3.org/2000/svg"
     width="27in" height="40in"
     viewBox="0 0 2592 3840">
  <path id="tilde-1"
        fill="none" stroke="black" stroke-width="1"
        d="M 1543.00,1121.00
           C 1544.31,1128.77 1539.68,1127.24 1536.11,1132.14
             1532.05,1137.70 1531.84,1144.00 1524.00,1149.49
             1519.96,1152.32 1515.82,1152.22 1512.89,1147.89
             1509.73,1143.22 1512.92,1140.74 1515.48,1137.01
             1516.58,1135.39 1517.50,1133.30 1519.01,1132.09
             1519.01,1132.09 1527.00,1127.65 1527.00,1127.65
             1527.00,1127.65 1540.72,1117.91 1540.72,1117.91
             1540.72,1117.91 1550.00,1109.52 1550.00,1109.52
             1550.00,1109.52 1568.00,1096.62 1568.00,1096.62
             1576.99,1090.36 1581.84,1089.61 1588.96,1085.38
             1593.51,1082.68 1594.59,1080.13 1598.43,1077.53
             1598.43,1077.53 1604.00,1074.59 1604.00,1074.59
             1604.00,1074.59 1620.00,1066.22 1620.00,1066.22
             1620.00,1066.22 1626.00,1064.23 1626.00,1064.23
             1638.59,1059.22 1633.02,1058.07 1649.00,1056.91
             1649.00,1056.91 1655.00,1056.31 1655.00,1056.31
             1658.21,1056.46 1661.76,1058.94 1665.00,1060.15
             1681.39,1066.27 1675.89,1063.43 1691.00,1072.70
             1691.00,1072.70 1705.83,1082.18 1705.83,1082.18
             1705.83,1082.18 1713.01,1088.16 1713.01,1088.16
             1716.89,1090.60 1726.56,1093.89 1733.91,1099.19
             1733.91,1099.19 1744.00,1107.70 1744.00,1107.70
             1744.00,1107.70 1756.00,1115.52 1756.00,1115.52
             1760.97,1119.40 1765.34,1123.98 1771.00,1126.95
             1777.52,1130.39 1794.65,1134.34 1802.00,1133.82
             1802.00,1133.82 1810.00,1133.10 1810.00,1133.10
             1810.00,1133.10 1818.00,1133.79 1818.00,1133.79
             1818.00,1133.79 1841.00,1132.43 1841.00,1132.43
             1843.83,1132.38 1844.85,1132.92 1848.00,1132.43
             1848.00,1132.43 1861.00,1130.31 1861.00,1130.31
             1877.38,1127.25 1886.20,1125.12 1901.00,1116.76
             1907.47,1113.11 1909.69,1110.28 1915.00,1106.62
             1915.00,1106.62 1926.00,1100.48 1926.00,1100.48
             1926.00,1100.48 1945.00,1086.04 1945.00,1086.04
             1945.00,1086.04 1957.00,1079.08 1957.00,1079.08
             1957.00,1079.08 1968.00,1072.10 1968.00,1072.10
             1970.04,1070.88 1975.02,1068.77 1977.12,1070.99
             1980.01,1074.06 1971.62,1078.28 1969.80,1080.39
             1968.03,1082.43 1967.37,1084.96 1963.96,1087.15
             1961.30,1088.85 1958.82,1088.67 1956.04,1090.58
             1952.94,1092.71 1951.12,1096.24 1946.99,1098.97
             1942.85,1101.70 1940.26,1100.90 1937.54,1103.51
             1937.54,1103.51 1933.70,1108.37 1933.70,1108.37
             1933.70,1108.37 1924.00,1114.67 1924.00,1114.67
             1916.49,1120.25 1899.28,1131.61 1891.00,1135.12
             1891.00,1135.12 1856.00,1143.85 1856.00,1143.85
             1856.00,1143.85 1844.00,1143.85 1844.00,1143.85
             1844.00,1143.85 1832.00,1143.85 1832.00,1143.85
             1832.00,1143.85 1814.00,1146.53 1814.00,1146.53
             1814.00,1146.53 1788.00,1145.63 1788.00,1145.63
             1782.69,1145.28 1780.71,1144.15 1776.00,1142.54
             1776.00,1142.54 1766.00,1139.55 1766.00,1139.55
             1756.77,1135.00 1749.19,1128.12 1740.96,1122.10
             1740.96,1122.10 1733.09,1116.96 1733.09,1116.96
             1733.09,1116.96 1714.00,1102.33 1714.00,1102.33
             1714.00,1102.33 1704.00,1097.86 1704.00,1097.86
             1704.00,1097.86 1697.00,1092.54 1697.00,1092.54
             1697.00,1092.54 1690.00,1088.61 1690.00,1088.61
             1690.00,1088.61 1682.00,1082.63 1682.00,1082.63
             1682.00,1082.63 1658.00,1073.04 1658.00,1073.04
             1654.24,1072.10 1650.86,1071.92 1647.00,1072.01
             1638.11,1072.23 1636.77,1075.36 1631.00,1076.61
             1623.77,1078.17 1625.91,1074.90 1614.00,1081.00
             1614.00,1081.00 1610.00,1078.00 1610.00,1078.00
             1609.08,1089.27 1603.56,1080.68 1596.41,1087.53
             1594.60,1089.26 1594.00,1091.27 1591.73,1092.57
             1591.73,1092.57 1585.10,1094.98 1585.10,1094.98
             1585.10,1094.98 1580.41,1099.03 1580.41,1099.03
             1580.41,1099.03 1574.00,1101.98 1574.00,1101.98
             1574.00,1101.98 1558.00,1112.31 1558.00,1112.31
             1551.81,1116.39 1550.84,1121.14 1543.00,1121.00 Z" />
</svg>
