<?xml version="1.0" encoding="UTF-8" standalone="no"?>
<!DOCTYPE svg PUBLIC "-//W3C//DTD SVG 20010904//EN"
              "http://www.w3.org/TR/2001/REC-SVG-20010904/DTD/svg10.dtd">

<svg xmlns="http://www.w3.org/2000/svg"
     width="6.4in" height="3.6in"
     viewBox="0 0 1920 1080">
  <path id="0-1"
        fill="none" stroke="black" stroke-width="1"
        d="M 523.00,229.00
           C 525.78,225.91 531.13,227.01 535.00,227.00
             544.97,226.98 544.26,225.67 552.17,224.24
             552.17,224.24 561.96,223.04 561.96,223.04
             561.96,223.04 567.28,221.52 567.28,221.52
             577.24,219.97 577.34,229.76 582.27,234.47
             584.25,236.37 594.01,241.64 597.00,243.27
             597.00,243.27 607.00,247.96 607.00,247.96
             607.00,247.96 630.00,260.73 630.00,260.73
             633.57,262.51 640.69,264.21 642.25,267.81
             643.88,271.57 640.73,279.35 640.72,285.13
             640.69,298.90 642.13,293.14 643.62,302.96
             643.62,302.96 643.62,317.88 643.62,317.88
             643.62,317.88 645.72,334.38 645.72,334.38
             645.72,334.38 653.71,380.89 653.71,380.89
             653.60,387.37 652.05,386.08 651.86,395.00
             651.86,395.00 651.86,415.89 651.86,415.89
             651.86,415.89 650.72,430.13 650.72,430.13
             650.72,430.13 650.72,447.38 650.72,447.38
             650.72,447.38 647.17,468.00 647.17,468.00
             647.17,468.00 645.79,492.58 645.79,492.58
             645.79,492.58 644.05,502.00 644.05,502.00
             644.05,502.00 644.05,515.00 644.05,515.00
             643.96,518.51 641.34,534.58 640.37,538.00
             640.37,538.00 637.68,546.00 637.68,546.00
             637.68,546.00 635.61,561.00 635.61,561.00
             635.61,561.00 633.23,567.72 633.23,567.72
             633.23,567.72 631.96,573.04 631.96,573.04
             631.96,573.04 618.42,597.00 618.42,597.00
             618.42,597.00 603.39,623.00 603.39,623.00
             603.39,623.00 587.15,649.00 587.15,649.00
             587.15,649.00 565.77,685.76 565.77,685.76
             565.77,685.76 551.12,702.10 551.12,702.10
             551.12,702.10 541.30,710.43 541.30,710.43
             536.61,715.12 533.20,723.07 527.34,725.92
             523.48,727.80 518.10,725.97 514.00,725.25
             507.69,724.14 501.29,722.58 496.04,718.70
             488.90,713.42 484.74,704.80 473.96,697.16
             462.06,688.74 456.34,685.49 445.32,674.80
             435.00,664.79 426.56,653.18 417.63,642.00
             412.40,635.45 401.69,622.10 398.23,615.00
             398.23,615.00 388.54,581.00 388.54,581.00
             388.54,581.00 383.79,571.00 383.79,571.00
             379.35,559.72 380.54,558.40 378.53,548.00
             376.50,537.50 374.89,544.82 376.00,531.00
             368.66,531.47 366.61,526.80 367.80,520.00
             367.80,520.00 370.03,513.00 370.03,513.00
             370.03,513.00 370.03,504.00 370.03,504.00
             370.03,504.00 370.03,476.62 370.03,476.62
             370.30,467.42 373.57,466.04 374.20,460.00
             374.20,460.00 373.28,450.12 373.28,450.12
             373.28,450.12 373.28,436.62 373.28,436.62
             373.28,436.62 372.21,428.99 372.21,428.99
             372.06,425.31 373.03,423.16 373.27,420.00
             373.27,420.00 373.27,412.46 373.27,412.46
             373.48,397.76 369.50,397.18 368.21,387.00
             367.48,381.25 370.39,377.38 370.80,370.00
             370.80,370.00 370.80,353.00 370.80,353.00
             371.46,349.94 378.02,339.36 379.99,336.00
             379.99,336.00 401.00,299.00 401.00,299.00
             401.00,299.00 404.00,301.00 404.00,301.00
             412.50,292.48 412.18,288.57 417.44,279.00
             417.44,279.00 435.85,247.00 435.85,247.00
             437.81,243.59 444.46,230.90 447.38,229.26
             448.94,228.86 452.23,229.00 454.00,229.26
             454.00,229.26 467.00,229.26 467.00,229.26
             471.25,229.80 471.26,230.83 477.00,230.98
             486.80,231.25 483.73,229.13 492.00,229.00
             492.00,229.00 523.00,229.00 523.00,229.00 Z
           M 459.00,390.00
           C 460.23,390.96 461.92,391.91 462.40,393.52
             462.96,395.40 461.22,398.32 460.42,400.00
             460.42,400.00 451.99,416.00 451.99,416.00
             451.99,416.00 427.48,457.72 427.48,457.72
             423.24,463.30 411.43,478.18 411.56,485.00
             411.62,487.78 413.33,490.54 413.98,493.72
             413.98,493.72 416.17,509.00 416.17,509.00
             416.17,509.00 423.76,526.72 423.76,526.72
             423.76,526.72 425.23,533.01 425.23,533.01
             425.23,533.01 434.13,562.00 434.13,562.00
             436.92,567.73 448.06,581.21 452.48,587.00
             460.20,597.12 469.84,610.14 479.04,618.83
             479.04,618.83 493.17,631.06 493.17,631.06
             493.17,631.06 506.00,639.90 506.00,639.90
             509.71,642.71 516.81,648.67 519.83,652.09
             524.59,657.48 525.70,660.80 533.00,664.29
             536.41,665.91 550.49,669.17 553.91,668.25
             557.00,667.42 565.84,655.46 568.84,652.18
             568.84,652.18 581.95,640.84 581.95,640.84
             589.68,633.16 598.22,619.84 599.99,609.00
             599.99,609.00 608.66,563.00 608.66,563.00
             608.66,563.00 608.66,554.00 608.66,554.00
             608.69,545.70 609.45,547.49 609.90,542.00
             609.90,542.00 612.01,517.00 612.01,517.00
             613.65,507.00 615.77,505.66 615.66,495.00
             615.66,495.00 615.00,483.00 615.00,483.00
             615.00,483.00 616.21,465.00 616.21,465.00
             616.21,465.00 616.21,454.00 616.21,454.00
             616.21,454.00 616.21,441.00 616.21,441.00
             617.29,436.11 619.03,433.58 618.38,428.00
             618.38,428.00 613.37,407.00 613.37,407.00
             613.37,407.00 611.00,395.00 611.00,395.00
             611.00,395.00 610.39,383.00 610.39,383.00
             609.46,376.22 608.09,375.54 608.00,367.00
             607.96,363.04 608.26,357.75 607.48,354.00
             607.48,354.00 605.82,347.00 605.82,347.00
             605.82,347.00 605.82,333.00 605.82,333.00
             605.72,330.34 607.10,324.37 605.82,322.54
             604.70,320.61 594.74,316.63 592.00,315.14
             592.00,315.14 575.00,305.23 575.00,305.23
             575.00,305.23 567.00,301.73 567.00,301.73
             567.00,301.73 553.00,293.80 553.00,293.80
             549.68,291.75 547.54,290.31 545.34,286.96
             543.88,284.74 542.74,280.56 540.04,279.83
             538.84,279.51 533.75,281.11 532.00,281.41
             532.00,281.41 524.17,282.24 524.17,282.24
             518.29,283.30 518.57,284.88 509.00,285.18
             509.00,285.18 496.58,285.18 496.58,285.18
             491.25,286.07 491.60,286.92 485.00,287.00
             485.00,287.00 465.00,287.00 465.00,287.00
             456.35,287.15 459.95,289.17 447.00,289.00
             438.30,288.88 441.04,287.02 430.00,287.00
             427.46,287.00 422.62,286.63 420.53,287.99
             416.38,290.68 415.06,297.75 413.40,302.00
             411.89,305.88 409.20,309.02 407.79,314.00
             407.79,314.00 406.41,334.00 406.41,334.00
             406.52,336.33 406.96,340.84 407.85,342.91
             409.18,346.01 411.67,347.32 412.08,351.01
             412.47,354.65 409.99,358.60 410.20,364.00
             410.20,364.00 411.89,379.00 411.89,379.00
             411.89,379.00 410.75,401.01 410.75,401.01
             410.75,401.01 411.41,415.00 411.41,415.00
             411.03,424.17 414.11,426.40 416.38,434.00
             417.93,439.18 417.57,444.70 417.00,450.00
             422.88,446.60 425.27,438.48 429.24,433.13
             432.07,429.32 432.94,430.49 437.17,425.38
             441.82,419.76 456.94,396.51 459.00,390.00 Z" />
</svg>
