<?xml version="1.0" encoding="UTF-8" standalone="no"?>
<!DOCTYPE svg PUBLIC "-//W3C//DTD SVG 20010904//EN"
              "http://www.w3.org/TR/2001/REC-SVG-20010904/DTD/svg10.dtd">

<svg xmlns="http://www.w3.org/2000/svg"
     width="6.4in" height="3.6in"
     viewBox="0 0 1920 1080">
  <path id="1-1"
        fill="none" stroke="black" stroke-width="1"
        d="M 927.00,201.00
           C 933.63,204.87 930.75,205.84 931.77,211.96
             933.71,223.65 931.99,218.35 930.93,228.00
             930.93,228.00 930.93,239.00 930.93,239.00
             930.93,239.00 929.61,253.30 929.61,253.30
             928.91,259.28 928.02,256.41 927.87,266.00
             927.87,266.00 927.87,293.28 927.87,293.28
             927.27,298.81 925.80,298.55 925.72,306.63
             925.62,316.86 927.39,313.99 927.86,319.83
             927.86,319.83 927.86,324.67 927.86,324.67
             928.59,328.19 929.59,327.72 929.71,332.88
             929.71,332.88 931.00,353.00 931.00,353.00
             931.00,353.00 929.49,375.17 929.49,375.17
             929.49,375.17 926.32,387.00 926.32,387.00
             926.32,387.00 924.87,402.58 924.87,402.58
             924.87,402.58 924.87,410.00 924.87,410.00
             924.41,415.61 922.50,415.68 922.72,424.14
             922.83,428.19 923.55,428.43 924.33,431.91
             924.33,431.91 925.12,439.30 925.12,439.30
             925.12,439.30 929.41,454.00 929.41,454.00
             929.41,454.00 930.17,467.00 930.17,467.00
             930.17,467.00 932.71,487.89 932.71,487.89
             932.71,487.89 929.08,509.83 929.08,509.83
             929.08,509.83 927.49,527.17 927.49,527.17
             927.49,527.17 925.90,533.54 925.90,533.54
             925.90,533.54 925.30,540.09 925.30,540.09
             925.30,540.09 922.97,548.00 922.97,548.00
             922.97,548.00 922.97,561.00 922.97,561.00
             922.97,561.00 922.97,580.14 922.97,580.14
             922.66,588.30 920.02,588.41 920.00,601.00
             919.99,607.92 920.49,620.71 918.84,627.00
             914.14,644.98 908.27,649.52 902.00,664.00
             902.00,664.00 927.00,661.90 927.00,661.90
             927.00,661.90 936.00,660.05 936.00,660.05
             936.00,660.05 953.00,660.05 953.00,660.05
             953.00,660.05 966.00,661.79 966.00,661.79
             966.00,661.79 974.00,662.53 974.00,662.53
             974.00,662.53 986.00,665.57 986.00,665.57
             986.00,665.57 995.00,666.49 995.00,666.49
             995.00,666.49 1002.00,668.78 1002.00,668.78
             1002.00,668.78 1017.00,671.00 1017.00,671.00
             1017.00,671.00 995.00,711.00 995.00,711.00
             995.00,711.00 985.39,726.01 985.39,726.01
             985.39,726.01 974.00,727.00 974.00,727.00
             974.00,727.00 962.00,724.38 962.00,724.38
             962.00,724.38 951.00,722.83 951.00,722.83
             951.00,722.83 943.00,720.53 943.00,720.53
             943.00,720.53 923.00,718.00 923.00,718.00
             923.00,718.00 912.00,718.00 912.00,718.00
             912.00,718.00 900.00,719.82 900.00,719.82
             900.00,719.82 887.00,720.83 887.00,720.83
             887.00,720.83 867.00,722.61 867.00,722.61
             867.00,722.61 857.91,726.31 857.91,726.31
             857.91,726.31 850.09,727.26 850.09,727.26
             850.09,727.26 844.83,728.95 844.83,728.95
             844.83,728.95 837.04,728.95 837.04,728.95
             837.04,728.95 829.91,730.94 829.91,730.94
             829.91,730.94 811.00,730.94 811.00,730.94
             811.00,730.94 799.00,730.00 799.00,730.00
             800.90,723.50 813.40,703.28 817.58,696.00
             817.58,696.00 829.90,675.43 829.90,675.43
             832.67,672.53 836.31,673.01 840.00,672.94
             840.00,672.94 856.96,672.94 856.96,672.94
             856.96,672.94 864.09,671.11 864.09,671.11
             867.81,670.69 869.66,671.45 873.72,670.27
             882.29,667.79 884.27,670.30 884.29,662.12
             884.29,662.12 884.29,650.11 884.29,650.11
             884.29,650.11 887.00,626.00 887.00,626.00
             887.00,626.00 887.00,606.00 887.00,606.00
             887.01,601.13 887.29,596.76 888.59,592.01
             888.59,592.01 890.13,586.66 890.13,586.66
             890.13,586.66 893.35,560.00 893.35,560.00
             893.35,560.00 895.06,553.66 895.06,553.66
             895.06,553.66 897.25,537.88 897.25,537.88
             897.25,537.88 894.48,522.96 894.48,522.96
             894.48,522.96 893.63,509.00 893.63,509.00
             891.18,495.94 886.85,487.50 887.00,473.00
             887.08,465.55 888.28,466.01 888.94,460.04
             888.94,460.04 890.60,437.91 890.60,437.91
             892.34,428.02 894.04,427.85 894.26,416.92
             894.26,416.92 895.00,404.00 895.00,404.00
             895.00,404.00 894.28,389.62 894.28,389.62
             894.32,380.24 893.34,383.92 892.27,378.00
             892.27,378.00 891.74,372.00 891.74,372.00
             890.63,365.26 889.89,368.79 890.01,359.00
             890.17,346.49 892.28,349.38 892.28,340.12
             892.28,340.12 892.28,314.62 892.28,314.62
             892.29,307.54 893.21,308.04 894.09,302.42
             894.09,302.42 894.09,296.99 894.09,296.99
             894.80,289.17 895.67,287.38 895.00,279.00
             895.00,279.00 878.77,301.83 878.77,301.83
             878.77,301.83 862.39,324.89 862.39,324.89
             862.39,324.89 849.71,338.47 849.71,338.47
             849.71,338.47 839.58,358.00 839.58,358.00
             839.58,358.00 824.58,384.00 824.58,384.00
             824.58,384.00 815.00,401.00 815.00,401.00
             815.00,401.00 810.00,399.00 810.00,399.00
             810.00,399.00 821.95,363.00 821.95,363.00
             821.95,363.00 835.58,339.00 835.58,339.00
             835.58,339.00 865.24,291.17 865.24,291.17
             865.24,291.17 881.23,275.31 881.23,275.31
             881.23,275.31 889.66,264.72 889.66,264.72
             889.66,264.72 909.42,232.00 909.42,232.00
             909.42,232.00 927.00,201.00 927.00,201.00 Z
           M 896.00,278.00
           C 896.00,278.00 895.00,278.00 895.00,278.00
             895.00,278.00 896.00,279.00 896.00,279.00
             896.00,279.00 896.00,278.00 896.00,278.00 Z" />
</svg>
