<?xml version="1.0" encoding="UTF-8" standalone="no"?>
<!DOCTYPE svg PUBLIC "-//W3C//DTD SVG 20010904//EN"
              "http://www.w3.org/TR/2001/REC-SVG-20010904/DTD/svg10.dtd">

<svg xmlns="http://www.w3.org/2000/svg"
     width="6.4in" height="3.6in"
     viewBox="0 0 1920 1080">
  <path id="2-1"
        fill="none" stroke="black" stroke-width="1"
        d="M 1141.00,263.00
           C 1142.50,262.82 1143.36,262.96 1144.79,262.10
             1147.59,260.41 1153.17,249.41 1155.20,246.00
             1159.13,239.40 1171.26,217.02 1175.78,213.14
             1178.05,211.20 1181.26,210.40 1183.96,209.16
             1183.96,209.16 1189.28,206.60 1189.28,206.60
             1192.71,205.83 1195.88,208.33 1199.00,209.32
             1199.00,209.32 1216.91,212.36 1216.91,212.36
             1216.91,212.36 1244.00,205.89 1244.00,205.89
             1244.00,205.89 1262.00,205.89 1262.00,205.89
             1262.00,205.89 1283.00,205.89 1283.00,205.89
             1290.66,206.25 1297.86,203.09 1304.00,203.00
             1304.00,203.00 1311.00,203.00 1311.00,203.00
             1323.51,202.94 1325.97,200.26 1340.00,203.50
             1340.00,203.50 1344.94,204.72 1344.94,204.72
             1350.18,207.06 1348.02,210.78 1349.47,214.17
             1350.37,216.27 1352.91,219.19 1354.41,221.00
             1362.62,230.87 1369.61,235.00 1375.95,247.00
             1378.57,251.96 1377.44,252.35 1378.45,257.00
             1380.05,264.31 1381.94,271.46 1381.87,279.00
             1381.87,279.00 1381.87,296.00 1381.87,296.00
             1381.99,298.00 1382.03,300.03 1381.87,302.00
             1381.87,302.00 1375.65,321.00 1375.65,321.00
             1375.65,321.00 1367.05,340.00 1367.05,340.00
             1367.05,340.00 1364.08,351.00 1364.08,351.00
             1364.08,351.00 1358.44,369.00 1358.44,369.00
             1358.44,369.00 1351.81,386.00 1351.81,386.00
             1351.81,386.00 1349.39,395.00 1349.39,395.00
             1349.39,395.00 1341.74,415.00 1341.74,415.00
             1341.74,415.00 1337.46,430.00 1337.46,430.00
             1337.46,430.00 1334.04,439.00 1334.04,439.00
             1334.04,439.00 1332.01,446.00 1332.01,446.00
             1332.01,446.00 1327.16,456.00 1327.16,456.00
             1327.16,456.00 1323.60,465.00 1323.60,465.00
             1323.60,465.00 1303.42,501.00 1303.42,501.00
             1303.42,501.00 1283.78,533.77 1283.78,533.77
             1283.78,533.77 1268.44,552.00 1268.44,552.00
             1268.44,552.00 1249.77,581.83 1249.77,581.83
             1249.77,581.83 1235.51,598.20 1235.51,598.20
             1235.51,598.20 1214.19,624.71 1214.19,624.71
             1214.19,624.71 1207.29,632.09 1207.29,632.09
             1207.29,632.09 1201.91,639.83 1201.91,639.83
             1201.91,639.83 1196.45,646.04 1196.45,646.04
             1192.92,650.33 1188.44,657.94 1186.00,663.00
             1192.80,665.56 1192.96,664.73 1199.00,666.28
             1199.00,666.28 1212.00,669.96 1212.00,669.96
             1212.00,669.96 1231.00,673.37 1231.00,673.37
             1231.00,673.37 1252.00,678.53 1252.00,678.53
             1252.00,678.53 1262.00,679.21 1262.00,679.21
             1262.00,679.21 1269.00,681.00 1269.00,681.00
             1269.00,681.00 1276.00,681.00 1276.00,681.00
             1276.00,681.00 1283.00,682.79 1283.00,682.79
             1283.00,682.79 1302.00,684.10 1302.00,684.10
             1302.00,684.10 1312.00,684.10 1312.00,684.10
             1316.97,684.90 1316.07,685.90 1323.00,686.00
             1323.00,686.00 1345.00,686.00 1345.00,686.00
             1352.87,685.98 1351.95,685.71 1358.59,682.12
             1371.65,675.05 1371.48,671.30 1379.59,660.00
             1379.59,660.00 1395.00,638.00 1395.00,638.00
             1397.14,639.26 1399.16,640.12 1399.05,643.04
             1398.96,645.44 1395.69,650.81 1394.40,653.00
             1394.40,653.00 1384.00,671.00 1384.00,671.00
             1384.00,671.00 1369.46,696.00 1369.46,696.00
             1369.46,696.00 1361.17,708.00 1361.17,708.00
             1354.95,717.42 1351.39,723.78 1342.87,731.47
             1335.09,738.49 1329.04,743.98 1318.00,744.00
             1318.00,744.00 1293.00,744.00 1293.00,744.00
             1283.34,743.98 1286.45,743.10 1280.00,742.10
             1280.00,742.10 1271.00,742.10 1271.00,742.10
             1271.00,742.10 1261.00,740.99 1261.00,740.99
             1261.00,740.99 1252.00,740.99 1252.00,740.99
             1252.00,740.99 1245.00,739.37 1245.00,739.37
             1245.00,739.37 1238.00,738.79 1238.00,738.79
             1238.00,738.79 1231.00,737.21 1231.00,737.21
             1231.00,737.21 1222.00,736.57 1222.00,736.57
             1222.00,736.57 1210.00,733.82 1210.00,733.82
             1210.00,733.82 1193.00,730.49 1193.00,730.49
             1193.00,730.49 1169.00,724.58 1169.00,724.58
             1169.00,724.58 1158.00,722.14 1158.00,722.14
             1158.00,722.14 1141.47,716.42 1141.47,716.42
             1138.76,716.61 1135.99,721.82 1134.19,723.87
             1129.67,729.00 1127.75,727.87 1122.93,732.48
             1120.81,734.51 1118.28,738.35 1115.54,739.24
             1107.80,741.77 1104.17,729.42 1104.26,723.88
             1104.40,715.71 1109.98,708.82 1113.99,702.00
             1122.07,688.24 1131.00,669.25 1141.37,657.74
             1143.35,655.55 1144.73,653.36 1147.09,651.47
             1154.27,645.71 1161.59,647.33 1168.00,653.00
             1172.54,643.33 1183.64,635.07 1191.54,628.09
             1198.38,622.05 1202.94,616.47 1208.12,609.00
             1208.12,609.00 1218.05,594.15 1218.05,594.15
             1218.05,594.15 1229.10,579.99 1229.10,579.99
             1229.10,579.99 1233.85,573.43 1233.85,573.43
             1233.85,573.43 1238.71,568.66 1238.71,568.66
             1238.71,568.66 1249.41,555.00 1249.41,555.00
             1249.41,555.00 1258.87,544.70 1258.87,544.70
             1258.87,544.70 1269.52,531.00 1269.52,531.00
             1269.52,531.00 1288.44,501.00 1288.44,501.00
             1288.44,501.00 1298.70,487.99 1298.70,487.99
             1302.37,480.98 1304.73,467.82 1307.29,460.00
             1307.29,460.00 1310.38,452.00 1310.38,452.00
             1310.38,452.00 1311.98,446.00 1311.98,446.00
             1311.98,446.00 1320.47,426.00 1320.47,426.00
             1320.47,426.00 1325.78,409.17 1325.78,409.17
             1325.78,409.17 1327.00,402.96 1327.00,402.96
             1327.00,402.96 1336.10,378.00 1336.10,378.00
             1340.53,367.99 1345.86,357.20 1346.00,346.00
             1346.00,346.00 1346.00,331.00 1346.00,331.00
             1345.94,326.54 1343.68,316.13 1342.58,311.42
             1342.58,311.42 1341.16,303.00 1341.16,303.00
             1340.34,300.84 1337.71,296.93 1336.24,295.09
             1331.77,289.47 1316.12,275.01 1313.74,268.96
             1312.92,266.88 1313.02,264.21 1313.00,262.00
             1313.00,262.00 1303.00,260.17 1303.00,260.17
             1303.00,260.17 1279.00,261.00 1279.00,261.00
             1279.00,261.00 1254.00,263.95 1254.00,263.95
             1254.00,263.95 1218.00,263.95 1218.00,263.95
             1205.83,264.02 1204.10,270.16 1192.00,269.00
             1189.04,272.30 1185.75,270.48 1182.00,269.59
             1169.72,266.66 1173.54,270.47 1160.00,264.00
             1160.00,264.00 1151.19,270.58 1151.19,270.58
             1151.19,270.58 1144.00,276.00 1144.00,276.00
             1144.00,276.00 1141.80,293.65 1141.80,293.65
             1142.16,296.75 1144.43,299.50 1145.64,303.01
             1145.64,303.01 1148.09,312.00 1148.09,312.00
             1148.09,312.00 1152.47,323.00 1152.47,323.00
             1152.47,323.00 1155.78,335.00 1155.78,335.00
             1156.92,338.84 1164.23,354.91 1166.52,358.00
             1173.17,367.02 1177.21,368.53 1185.09,375.46
             1185.09,375.46 1205.00,395.00 1205.00,395.00
             1208.29,398.29 1213.53,403.78 1217.00,406.47
             1217.00,406.47 1225.00,412.12 1225.00,412.12
             1233.55,418.81 1244.27,427.21 1255.96,425.87
             1265.47,424.77 1273.67,413.04 1281.00,408.00
             1281.00,408.00 1284.01,412.09 1284.01,412.09
             1284.01,412.09 1276.15,428.00 1276.15,428.00
             1276.15,428.00 1255.39,463.89 1255.39,463.89
             1255.39,463.89 1245.00,476.00 1245.00,476.00
             1240.16,476.82 1236.04,481.27 1231.58,483.43
             1228.86,484.36 1221.97,484.16 1219.00,483.43
             1216.20,483.22 1209.52,481.25 1207.00,480.01
             1197.34,475.25 1177.82,458.81 1170.00,451.00
             1170.00,451.00 1147.58,429.21 1147.58,429.21
             1140.17,422.49 1135.89,420.21 1129.85,411.00
             1129.85,411.00 1120.00,389.01 1120.00,389.01
             1120.00,389.01 1116.39,375.83 1116.39,375.83
             1116.39,375.83 1112.59,367.00 1112.59,367.00
             1112.59,367.00 1110.19,358.00 1110.19,358.00
             1107.42,350.64 1105.78,352.73 1106.01,343.00
             1106.15,337.40 1107.06,336.93 1107.92,332.17
             1108.74,327.64 1108.86,321.21 1110.49,317.00
             1110.49,317.00 1141.00,263.00 1141.00,263.00 Z" />
</svg>
