<?xml version="1.0" encoding="UTF-8" standalone="no"?>
<!DOCTYPE svg PUBLIC "-//W3C//DTD SVG 20010904//EN"
              "http://www.w3.org/TR/2001/REC-SVG-20010904/DTD/svg10.dtd">

<svg xmlns="http://www.w3.org/2000/svg"
     width="6.4in" height="3.6in"
     viewBox="0 0 1920 1080">
  <path id="3-1"
        fill="none" stroke="black" stroke-width="1"
        d="M 1602.00,208.00
           C 1602.00,208.00 1610.00,210.28 1610.00,210.28
             1612.44,210.45 1616.09,208.77 1619.00,208.30
             1619.00,208.30 1624.83,207.54 1624.83,207.54
             1624.83,207.54 1635.00,204.50 1635.00,204.50
             1635.00,204.50 1645.91,202.75 1645.91,202.75
             1652.05,201.48 1648.20,201.01 1657.00,200.94
             1657.00,200.94 1671.96,200.94 1671.96,200.94
             1675.30,200.47 1676.39,199.23 1679.09,199.32
             1679.09,199.32 1686.00,200.95 1686.00,200.95
             1686.00,200.95 1701.00,200.95 1701.00,200.95
             1706.18,201.58 1705.68,202.90 1713.00,203.00
             1713.00,203.00 1727.00,203.00 1727.00,203.00
             1731.30,203.01 1741.35,203.61 1745.00,205.45
             1749.13,207.54 1755.50,215.08 1759.17,218.58
             1765.54,224.66 1774.19,233.75 1777.81,241.91
             1779.37,245.45 1778.27,248.07 1778.98,251.47
             1778.98,251.47 1780.71,256.91 1780.71,256.91
             1780.71,256.91 1780.71,262.67 1780.71,262.67
             1781.61,267.25 1782.71,265.02 1782.72,273.13
             1782.72,273.13 1782.72,285.14 1782.72,285.14
             1782.66,295.68 1777.25,307.86 1774.09,318.00
             1774.09,318.00 1772.10,326.00 1772.10,326.00
             1772.10,326.00 1761.05,355.00 1761.05,355.00
             1761.05,355.00 1730.00,410.00 1730.00,410.00
             1740.12,413.96 1744.10,422.10 1751.04,428.83
             1757.39,434.98 1768.11,444.33 1772.98,451.28
             1780.50,462.03 1779.23,462.08 1782.17,473.17
             1782.17,473.17 1784.87,482.00 1784.87,482.00
             1784.87,482.00 1784.87,491.42 1784.87,491.42
             1785.59,496.29 1786.98,493.87 1787.00,504.00
             1787.03,521.01 1782.34,526.38 1777.30,541.72
             1777.30,541.72 1772.90,559.00 1772.90,559.00
             1772.90,559.00 1771.54,569.09 1771.54,569.09
             1771.54,569.09 1768.38,582.00 1768.38,582.00
             1768.38,582.00 1751.98,617.00 1751.98,617.00
             1749.93,621.37 1750.49,622.53 1749.37,626.00
             1749.37,626.00 1744.28,638.00 1744.28,638.00
             1744.28,638.00 1725.01,673.00 1725.01,673.00
             1718.07,684.82 1706.97,705.53 1697.70,714.86
             1694.84,717.74 1693.32,717.76 1691.21,719.54
             1687.46,722.69 1685.51,728.87 1681.96,732.15
             1680.01,733.94 1678.22,734.23 1676.02,735.42
             1676.02,735.42 1669.83,739.29 1669.83,739.29
             1673.28,737.86 1651.35,744.45 1654.83,743.92
             1654.83,743.92 1649.00,743.92 1649.00,743.92
             1649.00,743.92 1625.00,743.92 1625.00,743.92
             1616.44,743.88 1618.68,742.05 1609.00,742.00
             1609.00,742.00 1583.00,740.47 1583.00,740.47
             1577.26,739.15 1574.88,736.03 1570.00,734.55
             1553.88,729.68 1547.65,729.40 1535.79,715.99
             1530.44,709.93 1521.50,703.88 1521.29,695.12
             1521.29,695.12 1521.29,675.62 1521.29,675.62
             1521.30,668.58 1521.94,670.13 1523.49,664.00
             1528.72,643.31 1530.11,642.25 1540.58,624.00
             1540.58,624.00 1565.55,582.00 1565.55,582.00
             1565.55,582.00 1578.69,560.00 1578.69,560.00
             1578.69,560.00 1600.00,527.00 1600.00,527.00
             1600.00,527.00 1605.00,529.00 1605.00,529.00
             1602.59,537.93 1595.09,549.79 1590.20,558.00
             1590.20,558.00 1570.40,592.00 1570.40,592.00
             1564.58,601.65 1556.85,613.96 1556.72,625.63
             1556.72,625.63 1556.72,639.88 1556.72,639.88
             1556.74,648.96 1564.14,652.52 1569.79,659.00
             1569.79,659.00 1574.37,664.48 1574.37,664.48
             1581.84,671.71 1592.53,673.67 1602.00,676.78
             1606.70,678.33 1610.05,681.33 1615.00,682.47
             1615.00,682.47 1640.00,684.00 1640.00,684.00
             1651.61,684.02 1647.39,685.98 1659.00,686.00
             1659.00,686.00 1678.00,686.00 1678.00,686.00
             1680.74,685.95 1694.52,682.21 1696.91,681.04
             1696.91,681.04 1702.17,677.69 1702.17,677.69
             1705.14,676.13 1706.15,676.31 1709.00,674.00
             1709.00,674.00 1711.00,675.00 1711.00,675.00
             1711.00,675.00 1732.90,629.00 1732.90,629.00
             1732.90,629.00 1740.91,594.00 1740.91,594.00
             1740.91,594.00 1744.82,583.00 1744.82,583.00
             1744.82,583.00 1746.62,576.00 1746.62,576.00
             1749.05,568.02 1750.95,568.62 1751.00,559.00
             1751.05,548.21 1749.85,551.30 1749.07,545.28
             1749.07,545.28 1749.07,536.00 1749.07,536.00
             1749.07,536.00 1743.79,517.00 1743.79,517.00
             1738.96,506.43 1730.36,498.95 1722.42,490.85
             1722.42,490.85 1706.99,474.58 1706.99,474.58
             1706.99,474.58 1700.00,468.61 1700.00,468.61
             1695.97,465.62 1689.94,463.77 1689.25,458.16
             1688.80,454.48 1690.47,450.43 1691.58,447.00
             1694.27,438.63 1703.53,424.36 1708.28,416.00
             1708.28,416.00 1722.90,391.04 1722.90,391.04
             1726.82,385.53 1731.86,382.53 1735.62,375.00
             1735.62,375.00 1739.24,364.00 1739.24,364.00
             1742.75,354.15 1747.24,344.24 1747.28,333.62
             1747.33,321.67 1746.58,325.69 1745.40,316.46
             1745.40,316.46 1743.38,304.46 1743.38,304.46
             1743.10,301.70 1743.70,299.33 1742.49,296.70
             1739.38,289.98 1732.15,282.39 1726.87,277.25
             1723.79,274.24 1714.96,264.58 1711.96,263.01
             1708.72,261.32 1700.77,261.01 1697.00,261.00
             1697.00,261.00 1682.00,261.00 1682.00,261.00
             1673.44,260.88 1675.68,259.05 1666.00,259.00
             1657.73,258.96 1656.15,259.64 1648.00,257.00
             1644.93,260.43 1634.61,258.99 1630.00,259.00
             1630.00,259.00 1592.00,266.33 1592.00,266.33
             1584.39,267.88 1582.05,272.09 1572.00,265.00
             1566.87,277.93 1570.11,277.05 1572.57,288.98
             1572.57,288.98 1573.13,294.28 1573.13,294.28
             1573.13,294.28 1575.14,302.00 1575.14,302.00
             1577.18,309.75 1574.81,310.87 1579.68,322.17
             1585.45,335.55 1601.11,354.11 1610.44,365.42
             1610.44,365.42 1617.92,376.00 1617.92,376.00
             1617.92,376.00 1626.58,385.96 1626.58,385.96
             1634.73,394.96 1643.31,400.58 1655.00,403.58
             1658.77,404.54 1662.93,405.76 1666.82,404.49
             1669.47,403.63 1671.55,401.04 1673.65,399.23
             1680.31,393.50 1685.08,388.00 1689.00,380.00
             1699.71,382.31 1693.30,388.20 1684.85,403.00
             1675.84,418.78 1667.38,434.95 1655.74,448.99
             1652.69,452.66 1643.33,461.74 1638.82,462.75
             1634.25,463.76 1628.44,462.70 1624.00,461.58
             1624.00,461.58 1617.00,459.89 1617.00,459.89
             1607.24,456.50 1596.95,447.42 1589.98,440.00
             1589.98,440.00 1574.92,421.00 1574.92,421.00
             1574.92,421.00 1559.45,402.00 1559.45,402.00
             1559.45,402.00 1554.76,394.09 1554.76,394.09
             1550.37,387.59 1548.17,386.21 1544.65,378.01
             1539.10,365.11 1541.45,363.91 1539.81,357.70
             1539.81,357.70 1536.32,341.04 1536.32,341.04
             1535.04,335.82 1532.54,330.37 1533.31,325.00
             1534.26,318.32 1540.16,308.96 1543.58,303.00
             1543.58,303.00 1567.00,262.00 1567.00,262.00
             1567.00,262.00 1571.00,263.00 1571.00,263.00
             1571.00,263.00 1602.00,208.00 1602.00,208.00 Z" />
</svg>
