<?xml version="1.0" encoding="UTF-8" standalone="no"?>
<!DOCTYPE svg PUBLIC "-//W3C//DTD SVG 20010904//EN"
              "http://www.w3.org/TR/2001/REC-SVG-20010904/DTD/svg10.dtd">

<svg xmlns="http://www.w3.org/2000/svg"
     width="6.4in" height="3.6in"
     viewBox="0 0 1920 1080">
  <path id="4-1"
        fill="none" stroke="black" stroke-width="1"
        d="M 468.00,41.00
           C 474.20,43.17 475.20,46.77 478.67,52.00
             478.67,52.00 495.33,77.00 495.33,77.00
             500.43,83.18 508.14,90.37 515.00,94.55
             518.66,96.78 525.83,100.42 526.51,105.04
             527.21,109.70 522.30,118.77 520.26,123.00
             520.26,123.00 508.35,148.00 508.35,148.00
             508.35,148.00 506.37,155.00 506.37,155.00
             506.37,155.00 503.80,161.00 503.80,161.00
             503.80,161.00 497.65,181.00 497.65,181.00
             497.65,181.00 487.49,208.83 487.49,208.83
             487.49,208.83 486.00,215.04 486.00,215.04
             486.00,215.04 481.22,228.72 481.22,228.72
             481.22,228.72 480.00,234.04 480.00,234.04
             480.00,234.04 476.54,242.91 476.54,242.91
             476.54,242.91 474.93,249.09 474.93,249.09
             474.93,249.09 464.41,270.00 464.41,270.00
             464.41,270.00 462.04,278.00 462.04,278.00
             462.04,278.00 455.46,295.00 455.46,295.00
             455.46,295.00 443.00,322.00 443.00,322.00
             443.00,322.00 454.00,316.00 454.00,316.00
             454.00,316.00 475.00,313.00 475.00,313.00
             475.00,313.00 500.00,315.96 500.00,315.96
             500.00,315.96 508.00,315.96 508.00,315.96
             508.00,315.96 521.00,318.00 521.00,318.00
             521.00,318.00 554.12,318.00 554.12,318.00
             554.12,318.00 554.12,296.00 554.12,296.00
             554.12,296.00 554.12,284.00 554.12,284.00
             554.12,284.00 554.12,244.00 554.12,244.00
             553.91,231.57 552.48,234.51 552.05,228.00
             551.59,220.99 553.30,218.98 553.37,216.00
             553.37,216.00 552.06,209.00 552.06,209.00
             552.06,209.00 552.06,202.00 552.06,202.00
             552.06,202.00 551.13,186.53 551.13,186.53
             551.13,186.53 549.24,179.30 549.24,179.30
             549.24,179.30 549.24,173.70 549.24,173.70
             547.69,166.71 546.18,167.85 546.28,159.12
             546.28,159.12 546.28,151.62 546.28,151.62
             546.30,142.77 551.61,136.45 555.99,129.00
             555.99,129.00 573.85,98.00 573.85,98.00
             573.85,98.00 580.00,88.00 580.00,88.00
             580.00,88.00 585.00,90.00 585.00,90.00
             582.90,97.45 581.16,99.94 581.91,108.42
             581.91,108.42 584.61,117.96 584.61,117.96
             584.61,117.96 584.61,124.67 584.61,124.67
             585.86,131.89 586.44,126.66 586.72,138.14
             586.72,138.14 587.91,155.29 587.91,155.29
             588.44,158.77 589.55,160.06 589.70,164.12
             589.92,170.16 587.89,171.67 588.25,176.00
             588.57,179.83 589.90,179.86 589.86,187.00
             589.86,187.00 589.86,225.38 589.86,225.38
             589.86,225.38 590.54,234.00 590.54,234.00
             590.54,234.00 589.86,244.00 589.86,244.00
             589.86,244.00 589.86,282.89 589.86,282.89
             589.59,289.59 586.90,292.74 586.00,298.83
             586.00,298.83 584.00,320.00 584.00,320.00
             584.00,320.00 608.96,324.83 608.96,324.83
             612.26,324.62 623.34,319.64 625.96,317.57
             627.99,315.98 629.45,314.02 631.00,312.00
             632.78,312.66 634.63,313.06 635.19,315.22
             635.75,317.38 634.01,320.20 632.98,322.00
             632.98,322.00 624.85,336.00 624.85,336.00
             624.85,336.00 613.85,355.00 613.85,355.00
             609.93,361.84 604.56,372.52 597.54,376.53
             597.54,376.53 591.42,379.15 591.42,379.15
             587.66,380.88 584.14,382.47 579.99,383.00
             579.99,383.00 579.99,412.01 579.99,412.01
             580.19,422.72 577.73,420.71 577.72,431.13
             577.72,431.13 576.61,453.30 576.61,453.30
             575.98,458.67 575.04,457.01 575.00,465.00
             575.00,465.00 575.00,476.00 575.00,476.00
             574.98,487.32 572.81,485.15 572.72,493.63
             572.56,507.97 569.65,508.56 562.42,521.00
             562.42,521.00 542.00,557.00 542.00,557.00
             542.00,557.00 537.14,555.00 537.14,555.00
             537.14,555.00 537.14,542.11 537.14,542.11
             537.14,542.11 539.13,529.00 539.13,529.00
             539.13,529.00 539.13,509.42 539.13,509.42
             539.13,509.42 542.19,487.86 542.19,487.86
             542.19,487.86 542.19,477.00 542.19,477.00
             542.19,477.00 543.68,469.00 543.68,469.00
             543.68,469.00 544.28,455.87 544.28,455.87
             544.28,455.87 544.28,432.62 544.28,432.62
             544.28,432.62 546.28,415.87 546.28,415.87
             546.28,415.87 546.28,395.55 546.28,395.55
             546.28,395.55 547.00,379.00 547.00,379.00
             531.09,379.00 536.47,376.06 524.00,376.00
             524.00,376.00 489.00,376.00 489.00,376.00
             479.33,375.98 482.49,375.12 476.00,374.21
             476.00,374.21 460.00,372.79 460.00,372.79
             454.05,371.94 455.67,370.80 447.00,371.01
             441.69,371.14 440.82,371.93 436.00,373.10
             423.33,376.18 419.19,377.78 408.05,384.97
             404.35,387.37 399.57,395.77 394.36,391.26
             390.58,387.99 396.50,380.31 398.42,377.00
             398.42,377.00 421.51,337.00 421.51,337.00
             421.51,337.00 429.87,316.00 429.87,316.00
             429.87,316.00 436.03,304.00 436.03,304.00
             436.03,304.00 443.91,285.00 443.91,285.00
             443.91,285.00 446.56,275.00 446.56,275.00
             446.56,275.00 451.54,260.00 451.54,260.00
             451.54,260.00 459.54,237.00 459.54,237.00
             459.54,237.00 466.38,218.00 466.38,218.00
             466.38,218.00 476.55,186.00 476.55,186.00
             476.55,186.00 491.00,157.00 491.00,157.00
             479.02,150.94 467.90,142.78 459.75,132.00
             459.75,132.00 453.36,122.09 453.36,122.09
             453.36,122.09 447.12,113.00 447.12,113.00
             444.86,109.28 437.38,98.76 437.87,95.00
             438.25,92.10 445.12,81.18 446.99,78.00
             446.99,78.00 468.00,41.00 468.00,41.00 Z
           M 727.00,371.00
           C 727.00,371.00 728.00,398.00 728.00,398.00
             728.00,398.00 727.00,410.00 727.00,410.00
             727.00,410.00 724.85,401.04 724.85,401.04
             724.85,401.04 724.85,375.91 724.85,375.91
             724.85,375.91 727.00,371.00 727.00,371.00 Z" />
</svg>
