<?xml version="1.0" encoding="UTF-8" standalone="no"?>
<!DOCTYPE svg PUBLIC "-//W3C//DTD SVG 20010904//EN"
              "http://www.w3.org/TR/2001/REC-SVG-20010904/DTD/svg10.dtd">

<svg xmlns="http://www.w3.org/2000/svg"
     width="6.4in" height="3.6in"
     viewBox="0 0 1920 1080">
  <path id="5-1"
        fill="none" stroke="black" stroke-width="1"
        d="M 839.00,35.00
           C 848.54,38.34 846.47,45.44 847.85,53.58
             848.80,59.26 849.57,56.14 850.00,66.00
             850.00,66.00 860.01,64.03 860.01,64.03
             864.99,64.01 866.04,65.24 870.00,65.79
             870.00,65.79 891.00,67.00 891.00,67.00
             891.00,67.00 916.00,67.00 916.00,67.00
             916.00,67.00 935.00,66.00 935.00,66.00
             944.64,65.98 941.81,64.72 947.09,63.96
             947.09,63.96 955.00,63.96 955.00,63.96
             955.00,63.96 964.00,61.05 964.00,61.05
             964.00,61.05 972.00,61.05 972.00,61.05
             972.00,61.05 986.99,58.99 986.99,58.99
             994.41,58.13 993.81,55.21 1002.00,58.99
             1002.00,58.99 980.00,99.00 980.00,99.00
             980.00,99.00 970.39,114.01 970.39,114.01
             970.39,114.01 964.28,115.73 964.28,115.73
             964.28,115.73 945.00,119.05 945.00,119.05
             945.00,119.05 937.09,119.05 937.09,119.05
             937.09,119.05 929.96,121.38 929.96,121.38
             929.96,121.38 920.04,122.13 920.04,122.13
             920.04,122.13 905.00,124.00 905.00,124.00
             905.00,124.00 890.00,125.00 890.00,125.00
             890.00,125.00 859.00,125.00 859.00,125.00
             859.00,125.00 843.00,124.00 843.00,124.00
             841.99,145.92 828.73,164.03 819.25,183.00
             819.25,183.00 811.43,199.00 811.43,199.00
             811.43,199.00 807.60,209.00 807.60,209.00
             807.60,209.00 803.44,217.00 803.44,217.00
             803.44,217.00 799.59,228.00 799.59,228.00
             799.59,228.00 768.00,282.00 768.00,282.00
             768.00,282.00 763.00,280.00 763.00,280.00
             765.60,270.12 770.16,261.37 773.99,252.00
             773.99,252.00 787.21,222.00 787.21,222.00
             787.21,222.00 790.90,213.00 790.90,213.00
             796.46,202.13 803.32,193.26 806.72,181.17
             806.72,181.17 807.51,173.83 807.51,173.83
             807.51,173.83 811.00,158.42 811.00,158.42
             811.00,158.42 812.51,148.00 812.51,148.00
             812.51,148.00 816.18,129.11 816.18,129.11
             816.18,129.11 814.28,122.46 814.28,122.46
             814.28,122.46 814.28,115.53 814.28,115.53
             814.28,115.53 812.61,109.17 812.61,109.17
             812.61,109.17 810.88,98.00 810.88,98.00
             810.32,94.18 808.47,91.89 808.87,89.00
             809.27,86.05 816.10,75.22 817.99,72.00
             817.99,72.00 839.00,35.00 839.00,35.00 Z
           M 772.00,291.00
           C 773.98,284.21 782.13,271.74 786.00,265.00
             786.00,265.00 797.58,245.00 797.58,245.00
             799.42,241.83 801.52,237.34 804.34,235.04
             808.34,231.78 818.84,230.01 824.00,230.00
             824.00,230.00 860.99,228.95 860.99,228.95
             866.92,228.52 864.08,227.02 874.00,227.00
             874.00,227.00 918.00,227.00 918.00,227.00
             927.88,227.02 930.74,229.61 940.00,231.49
             944.33,232.37 945.71,231.65 951.00,233.21
             957.06,235.00 960.62,237.55 966.00,239.80
             969.38,241.22 970.67,241.05 974.00,243.39
             983.21,249.88 984.37,254.55 989.85,263.00
             989.85,263.00 998.36,275.00 998.36,275.00
             1003.23,281.96 1015.80,301.24 1017.66,308.96
             1017.98,310.82 1017.74,313.64 1017.66,315.63
             1017.66,315.63 1017.66,326.14 1017.66,326.14
             1017.66,326.14 1012.89,352.58 1012.89,352.58
             1012.89,352.58 1012.89,358.01 1012.89,358.01
             1012.89,358.01 1008.44,376.00 1008.44,376.00
             1008.44,376.00 996.18,398.00 996.18,398.00
             996.18,398.00 968.42,447.00 968.42,447.00
             968.42,447.00 951.85,475.00 951.85,475.00
             951.85,475.00 937.08,499.79 937.08,499.79
             937.08,499.79 930.75,505.93 930.75,505.93
             930.75,505.93 918.13,519.08 918.13,519.08
             918.13,519.08 898.71,534.71 898.71,534.71
             898.71,534.71 891.07,538.80 891.07,538.80
             887.35,540.61 884.23,543.34 880.00,543.87
             869.26,545.20 851.37,535.39 842.00,530.31
             842.00,530.31 829.00,523.59 829.00,523.59
             816.69,518.28 808.37,515.65 798.37,505.63
             787.73,494.96 777.22,468.43 770.52,460.00
             764.87,452.88 758.99,445.85 752.00,440.02
             747.23,436.04 743.18,434.72 739.00,429.91
             732.64,422.56 734.58,423.16 731.41,416.72
             731.41,416.72 727.71,410.00 727.71,410.00
             723.49,400.63 724.10,390.14 724.29,380.11
             724.42,373.13 729.88,365.93 733.40,360.00
             733.40,360.00 755.00,322.00 755.00,322.00
             755.00,322.00 760.00,324.00 760.00,324.00
             758.96,334.88 759.32,345.86 763.67,356.00
             763.67,356.00 766.81,361.91 766.81,361.91
             768.42,365.36 767.48,365.21 770.28,369.03
             776.55,377.59 784.41,381.39 791.96,388.21
             796.15,391.98 797.37,394.96 800.60,398.72
             800.60,398.72 805.68,404.04 805.68,404.04
             809.16,408.15 811.04,413.28 813.53,418.00
             818.50,427.39 825.50,440.89 832.58,448.63
             843.49,460.56 850.67,460.82 864.00,467.26
             872.95,471.58 896.33,485.02 904.99,485.74
             908.75,486.05 913.17,483.28 916.42,481.58
             916.42,481.58 922.72,478.48 922.72,478.48
             926.21,476.30 937.67,467.13 940.00,464.00
             944.24,463.25 947.31,459.62 950.13,456.54
             960.18,445.52 959.41,442.57 965.86,431.00
             965.86,431.00 973.65,417.00 973.65,417.00
             975.89,411.56 976.41,405.59 977.68,399.92
             979.28,392.78 981.99,380.95 982.00,374.00
             982.00,374.00 982.00,368.00 982.00,368.00
             981.90,360.99 979.99,359.09 976.98,353.00
             972.12,343.19 964.72,332.93 958.28,324.00
             952.56,316.06 948.35,305.87 940.00,300.42
             937.54,298.81 920.86,291.34 918.00,290.68
             918.00,290.68 908.00,289.40 908.00,289.40
             898.85,287.21 897.28,285.02 887.00,285.00
             887.00,285.00 847.00,285.00 847.00,285.00
             837.64,285.02 840.54,285.94 835.83,286.76
             835.83,286.76 819.00,288.00 819.00,288.00
             819.00,288.00 795.00,288.00 795.00,288.00
             789.88,288.09 776.51,292.12 775.91,292.11
             774.42,292.08 773.34,291.49 772.00,291.00 Z" />
</svg>
