<?xml version="1.0" encoding="UTF-8" standalone="no"?>
<!DOCTYPE svg PUBLIC "-//W3C//DTD SVG 20010904//EN"
              "http://www.w3.org/TR/2001/REC-SVG-20010904/DTD/svg10.dtd">

<svg xmlns="http://www.w3.org/2000/svg"
     width="6.4in" height="3.6in"
     viewBox="0 0 1920 1080">
  <path id="6-1"
        fill="none" stroke="black" stroke-width="1"
        d="M 1276.00,43.00
           C 1279.98,41.20 1290.34,32.65 1293.71,29.40
             1296.45,26.77 1297.28,24.11 1300.21,23.29
             1307.45,21.27 1313.58,26.73 1319.00,30.33
             1319.00,30.33 1325.91,34.55 1325.91,34.55
             1325.91,34.55 1342.00,50.04 1342.00,50.04
             1346.47,54.34 1352.92,60.56 1359.00,62.35
             1367.67,64.91 1377.02,54.65 1380.17,54.00
             1381.97,53.63 1383.39,54.41 1385.00,55.00
             1385.00,55.00 1365.85,90.00 1365.85,90.00
             1365.85,90.00 1351.18,113.72 1351.18,113.72
             1351.18,113.72 1341.00,120.00 1341.00,120.00
             1341.00,120.00 1339.00,119.00 1339.00,119.00
             1334.34,124.20 1323.67,119.31 1319.00,116.11
             1307.06,107.92 1299.48,97.52 1291.83,91.48
             1291.83,91.48 1286.00,87.87 1286.00,87.87
             1283.37,86.18 1279.74,82.76 1277.00,81.95
             1272.14,80.49 1270.35,84.62 1267.39,87.36
             1267.39,87.36 1251.12,99.55 1251.12,99.55
             1245.65,103.10 1238.90,106.64 1237.00,98.00
             1233.50,100.97 1233.46,101.86 1230.76,104.93
             1230.76,104.93 1224.52,111.05 1224.52,111.05
             1224.52,111.05 1215.08,123.96 1215.08,123.96
             1211.53,128.54 1207.56,130.93 1204.25,136.01
             1201.48,140.28 1191.40,165.27 1189.59,171.00
             1189.59,171.00 1187.37,182.00 1187.37,182.00
             1187.37,182.00 1181.05,202.70 1181.05,202.70
             1180.32,206.18 1181.22,207.49 1179.89,212.01
             1179.89,212.01 1175.59,224.00 1175.59,224.00
             1175.59,224.00 1173.53,231.00 1173.53,231.00
             1170.58,238.68 1163.87,252.00 1162.84,260.00
             1162.84,260.00 1163.71,279.89 1163.71,279.89
             1163.71,279.89 1159.78,302.34 1159.78,302.34
             1159.36,308.87 1161.99,310.14 1163.51,315.72
             1166.21,325.65 1163.14,328.31 1169.00,338.00
             1178.65,315.25 1200.24,281.59 1213.77,260.00
             1213.77,260.00 1230.01,232.05 1230.01,232.05
             1233.66,226.31 1235.31,227.56 1239.00,221.00
             1239.00,221.00 1244.00,223.00 1244.00,223.00
             1244.00,223.00 1242.00,229.00 1242.00,229.00
             1256.11,232.67 1274.49,233.02 1288.96,230.89
             1288.96,230.89 1303.01,227.12 1303.01,227.12
             1309.62,226.48 1312.88,228.40 1315.83,228.21
             1315.83,228.21 1321.09,227.06 1321.09,227.06
             1321.09,227.06 1337.00,227.06 1337.00,227.06
             1343.63,227.09 1349.69,229.50 1356.00,231.22
             1356.00,231.22 1364.00,232.61 1364.00,232.61
             1372.71,234.88 1378.78,239.42 1384.54,246.17
             1390.84,253.56 1397.07,266.73 1400.16,276.00
             1400.16,276.00 1402.39,283.96 1402.39,283.96
             1402.39,283.96 1408.74,303.96 1408.74,303.96
             1408.74,303.96 1408.74,321.89 1408.74,321.89
             1408.74,321.89 1405.37,339.00 1405.37,339.00
             1404.45,344.08 1405.84,346.93 1403.07,354.00
             1403.07,354.00 1393.63,374.00 1393.63,374.00
             1393.63,374.00 1392.40,381.00 1392.40,381.00
             1392.40,381.00 1388.68,393.00 1388.68,393.00
             1388.68,393.00 1384.37,413.00 1384.37,413.00
             1384.37,413.00 1381.60,420.00 1381.60,420.00
             1381.60,420.00 1379.44,428.00 1379.44,428.00
             1376.39,436.33 1367.38,450.81 1362.72,459.00
             1362.72,459.00 1346.39,486.96 1346.39,486.96
             1342.75,492.57 1339.89,496.53 1333.00,494.00
             1335.01,487.10 1339.60,481.29 1342.95,475.00
             1342.95,475.00 1348.69,461.00 1348.69,461.00
             1352.34,451.65 1351.48,448.44 1353.36,440.00
             1353.36,440.00 1356.55,430.09 1356.55,430.09
             1356.55,430.09 1357.72,423.91 1357.72,423.91
             1357.72,423.91 1368.15,399.00 1368.15,399.00
             1368.15,399.00 1369.54,387.72 1369.54,387.72
             1371.47,378.21 1374.54,368.72 1373.00,358.83
             1372.10,353.04 1367.63,341.95 1365.67,336.00
             1360.84,321.41 1353.71,300.24 1339.00,292.90
             1332.68,289.75 1330.18,290.41 1324.00,288.96
             1309.92,285.65 1314.95,284.97 1299.00,285.00
             1289.51,285.02 1290.99,286.62 1286.91,286.84
             1282.69,287.08 1279.87,284.71 1275.04,285.14
             1275.04,285.14 1263.72,288.57 1263.72,288.57
             1260.49,289.37 1251.53,289.99 1248.00,290.00
             1248.00,290.00 1235.00,290.00 1235.00,290.00
             1235.00,290.00 1217.00,289.00 1217.00,289.00
             1217.00,289.00 1213.00,279.00 1213.00,279.00
             1213.00,279.00 1202.04,298.00 1202.04,298.00
             1202.04,298.00 1197.56,307.00 1197.56,307.00
             1197.56,307.00 1184.28,330.00 1184.28,330.00
             1184.28,330.00 1173.74,349.00 1173.74,349.00
             1173.14,351.20 1175.53,366.43 1176.63,369.00
             1179.09,374.73 1185.59,381.71 1189.04,387.00
             1189.04,387.00 1198.78,402.41 1198.78,402.41
             1198.78,402.41 1204.98,410.09 1204.98,410.09
             1204.98,410.09 1211.31,418.91 1211.31,418.91
             1211.31,418.91 1220.69,428.42 1220.69,428.42
             1220.69,428.42 1226.18,434.68 1226.18,434.68
             1226.18,434.68 1232.00,439.31 1232.00,439.31
             1246.54,451.15 1242.62,445.88 1252.00,452.22
             1252.00,452.22 1275.00,469.19 1275.00,469.19
             1280.65,472.76 1293.77,481.91 1300.00,482.64
             1305.92,483.33 1318.07,478.05 1323.28,475.13
             1328.74,472.08 1331.55,472.70 1335.00,467.00
             1335.00,467.00 1340.00,469.00 1340.00,469.00
             1338.06,475.79 1331.34,486.52 1327.58,493.00
             1327.58,493.00 1314.85,515.00 1314.85,515.00
             1312.46,519.18 1309.12,525.25 1305.40,528.34
             1300.69,532.27 1291.81,535.78 1286.00,537.79
             1280.60,539.65 1272.65,542.03 1267.00,540.51
             1261.01,538.89 1252.26,533.08 1247.00,529.69
             1235.54,522.32 1218.94,510.81 1209.83,500.99
             1207.32,498.27 1199.16,488.54 1195.22,490.11
             1193.55,490.77 1192.82,492.57 1192.00,494.00
             1182.96,492.52 1173.15,484.32 1169.46,476.00
             1166.04,468.26 1169.68,470.30 1163.56,460.00
             1163.56,460.00 1157.92,452.04 1157.92,452.04
             1157.92,452.04 1154.74,445.84 1154.74,445.84
             1154.74,445.84 1148.71,438.72 1148.71,438.72
             1148.71,438.72 1141.51,425.04 1141.51,425.04
             1138.35,418.09 1139.66,413.96 1138.28,409.00
             1138.28,409.00 1133.95,398.00 1133.95,398.00
             1133.95,398.00 1129.92,385.00 1129.92,385.00
             1129.92,385.00 1128.37,371.28 1128.37,371.28
             1127.53,366.80 1125.66,365.82 1124.47,362.30
             1124.47,362.30 1124.47,350.11 1124.47,350.11
             1124.47,350.11 1127.90,329.00 1127.90,329.00
             1128.81,319.06 1126.19,315.96 1126.21,312.00
             1126.21,312.00 1129.97,296.96 1129.97,296.96
             1129.97,296.96 1135.69,285.00 1135.69,285.00
             1139.56,276.60 1138.72,275.22 1140.94,269.00
             1142.34,265.07 1144.86,260.76 1145.14,256.58
             1145.14,256.58 1145.14,252.96 1145.14,252.96
             1145.41,248.14 1148.08,240.71 1149.58,236.00
             1149.58,236.00 1153.59,221.00 1153.59,221.00
             1153.59,221.00 1160.47,204.00 1160.47,204.00
             1160.47,204.00 1167.58,185.00 1167.58,185.00
             1175.75,165.34 1199.90,120.77 1211.61,103.09
             1211.61,103.09 1216.92,95.96 1216.92,95.96
             1216.92,95.96 1225.62,82.11 1225.62,82.11
             1228.53,77.94 1229.88,78.59 1233.08,74.88
             1233.08,74.88 1243.59,60.59 1243.59,60.59
             1243.59,60.59 1250.71,53.61 1250.71,53.61
             1250.71,53.61 1261.86,40.43 1261.86,40.43
             1264.90,37.06 1265.35,37.93 1269.00,33.00
             1269.00,33.00 1278.00,38.00 1278.00,38.00
             1278.00,38.00 1276.00,43.00 1276.00,43.00 Z" />
</svg>
