<?xml version="1.0" encoding="UTF-8" standalone="no"?>
<!DOCTYPE svg PUBLIC "-//W3C//DTD SVG 20010904//EN"
              "http://www.w3.org/TR/2001/REC-SVG-20010904/DTD/svg10.dtd">

<svg xmlns="http://www.w3.org/2000/svg"
     width="6.4in" height="3.6in"
     viewBox="0 0 1920 1080">
  <path id="7-1"
        fill="none" stroke="black" stroke-width="1"
        d="M 19.00,692.00
           C 20.90,685.50 33.40,665.28 37.58,658.00
             37.58,658.00 49.89,637.52 49.89,637.52
             53.28,633.95 57.47,634.01 62.00,634.00
             62.00,634.00 87.00,634.00 87.00,634.00
             87.00,634.00 106.00,635.98 106.00,635.98
             112.79,635.74 109.85,634.02 120.00,634.00
             120.00,634.00 143.00,633.00 143.00,633.00
             152.50,632.94 148.23,631.02 159.00,631.00
             159.00,631.00 179.00,631.00 179.00,631.00
             179.00,631.00 193.00,629.94 193.00,629.94
             193.00,629.94 201.96,629.94 201.96,629.94
             206.49,629.33 205.30,628.10 212.00,628.00
             217.04,627.93 234.13,627.61 238.00,628.61
             245.23,630.47 261.25,642.74 267.00,648.03
             269.46,650.29 277.86,656.56 278.59,659.04
             279.37,661.73 276.73,665.66 275.46,668.00
             275.46,668.00 263.01,690.00 263.01,690.00
             263.01,690.00 241.41,725.67 241.41,725.67
             241.41,725.67 221.92,744.60 221.92,744.60
             221.92,744.60 207.39,763.17 207.39,763.17
             203.44,768.15 202.51,767.31 199.00,774.00
             193.93,774.93 192.12,779.79 188.81,783.34
             188.81,783.34 182.27,789.54 182.27,789.54
             167.79,802.33 159.66,818.44 150.15,835.00
             150.15,835.00 138.00,854.00 138.00,854.00
             143.43,852.70 144.70,851.29 151.00,851.04
             154.45,850.90 162.26,851.21 163.59,855.22
             164.57,858.18 158.89,866.18 157.28,869.00
             157.28,869.00 135.99,905.95 135.99,905.95
             130.11,914.93 119.79,903.66 113.68,914.11
             110.13,920.19 111.55,922.91 110.82,929.00
             110.82,929.00 109.04,937.00 109.04,937.00
             109.04,937.00 109.04,944.00 109.04,944.00
             109.04,944.00 106.84,953.54 106.84,953.54
             106.84,953.54 106.00,979.00 106.00,979.00
             105.97,993.10 102.59,988.25 102.72,1003.63
             102.78,1010.70 104.99,1010.12 104.53,1016.00
             103.66,1027.29 99.51,1031.41 94.00,1041.00
             94.00,1041.00 73.00,1078.00 73.00,1078.00
             65.71,1073.78 69.67,1072.41 67.90,1064.04
             66.92,1058.48 66.91,1048.61 67.90,1042.99
             68.83,1036.28 70.26,1036.93 70.28,1029.87
             70.28,1029.87 71.34,1013.37 71.34,1013.37
             71.34,1013.37 71.34,999.70 71.34,999.70
             71.34,999.70 73.00,993.00 73.00,993.00
             73.00,993.00 73.00,986.00 73.00,986.00
             73.00,986.00 75.10,978.46 75.10,978.46
             75.10,978.46 75.73,970.96 75.73,970.96
             75.73,970.96 78.47,962.00 78.47,962.00
             78.47,962.00 79.51,955.00 79.51,955.00
             82.00,942.88 84.10,933.71 88.55,922.00
             88.55,922.00 94.14,911.00 94.14,911.00
             94.14,911.00 120.99,860.00 120.99,860.00
             120.99,860.00 136.62,833.09 136.62,833.09
             138.89,829.68 140.26,828.84 142.69,825.96
             142.69,825.96 151.31,814.00 151.31,814.00
             151.31,814.00 189.21,752.23 189.21,752.23
             189.21,752.23 210.00,729.00 210.00,729.00
             214.86,728.12 216.07,724.88 218.85,721.29
             221.99,717.25 223.28,717.31 225.92,714.48
             229.13,711.05 229.21,708.61 234.00,707.00
             229.88,701.30 213.67,688.56 207.00,686.64
             204.43,685.89 201.65,686.00 199.00,686.00
             199.00,686.00 187.00,686.00 187.00,686.00
             177.36,686.02 180.19,687.28 174.91,687.89
             174.91,687.89 151.00,689.00 151.00,689.00
             151.00,689.00 131.00,689.00 131.00,689.00
             120.46,689.02 124.14,690.88 116.00,691.00
             116.00,691.00 92.00,692.00 92.00,692.00
             80.03,692.02 87.14,694.17 73.00,694.00
             64.31,693.89 65.92,692.02 55.00,692.00
             55.00,692.00 35.00,692.00 35.00,692.00
             28.34,692.01 25.30,694.62 19.00,692.00 Z" />
</svg>
