<?xml version="1.0" encoding="UTF-8" standalone="no"?>
<!DOCTYPE svg PUBLIC "-//W3C//DTD SVG 20010904//EN"
              "http://www.w3.org/TR/2001/REC-SVG-20010904/DTD/svg10.dtd">

<svg xmlns="http://www.w3.org/2000/svg"
     width="6.4in" height="3.6in"
     viewBox="0 0 1920 1080">
  <path id="8-1"
        fill="none" stroke="black" stroke-width="1"
        d="M 501.00,771.00
           C 501.00,771.00 497.93,780.00 497.93,780.00
             497.93,780.00 496.02,788.00 496.02,788.00
             492.27,797.97 477.50,822.70 471.40,833.00
             468.51,837.87 462.64,851.08 456.91,851.85
             450.34,852.74 436.04,847.32 431.45,842.62
             428.47,839.57 424.72,832.73 422.26,829.00
             420.12,825.77 416.21,820.43 414.82,817.00
             412.48,811.20 412.30,807.48 408.68,801.01
             405.04,794.51 395.89,788.42 393.60,784.96
             391.03,781.08 392.73,777.83 391.27,774.04
             390.27,771.44 387.85,769.32 386.27,766.91
             381.89,760.24 379.43,752.62 382.81,745.00
             382.81,745.00 395.10,723.00 395.10,723.00
             395.10,723.00 401.25,708.00 401.25,708.00
             401.25,708.00 428.58,659.00 428.58,659.00
             428.58,659.00 439.24,641.24 439.24,641.24
             439.24,641.24 444.38,635.87 444.38,635.87
             447.86,631.44 448.03,627.76 453.46,624.47
             456.75,622.48 457.81,622.70 460.91,621.50
             466.15,619.47 472.62,616.21 478.17,615.24
             478.17,615.24 499.00,614.01 499.00,614.01
             511.40,613.73 506.72,616.98 520.00,617.00
             520.00,617.00 551.00,617.00 551.00,617.00
             554.16,617.01 557.98,616.79 560.79,618.45
             564.89,620.88 564.85,626.13 571.17,631.39
             577.55,636.71 589.82,642.52 593.83,650.09
             595.18,652.64 595.67,658.85 595.85,661.88
             595.85,661.88 595.85,676.00 595.85,676.00
             596.11,691.60 590.30,699.02 582.85,712.00
             582.85,712.00 560.76,750.00 560.76,750.00
             555.29,758.41 548.40,765.88 544.00,775.00
             536.80,770.68 541.68,766.18 544.69,760.00
             544.69,760.00 560.11,731.46 560.11,731.46
             560.36,729.89 560.28,727.77 560.11,726.12
             560.29,720.20 560.74,710.37 558.02,705.17
             554.78,698.97 541.86,692.02 536.17,687.37
             531.36,683.44 529.65,677.79 526.74,676.02
             524.71,674.79 521.34,675.00 519.00,675.00
             519.00,675.00 489.00,675.00 489.00,675.00
             477.31,674.98 479.68,672.68 473.00,672.11
             473.00,672.11 459.00,673.13 459.00,673.13
             459.00,673.13 451.09,673.13 451.09,673.13
             446.99,674.00 432.33,679.54 429.20,681.89
             425.48,684.69 416.74,699.42 417.92,704.00
             419.14,708.77 424.98,714.93 426.30,718.03
             428.02,722.09 426.82,726.59 429.51,729.92
             433.74,735.17 440.88,738.82 443.90,745.09
             443.90,745.09 448.40,756.00 448.40,756.00
             448.40,756.00 450.65,763.00 450.65,763.00
             452.82,767.71 455.91,770.70 458.49,775.00
             463.13,782.74 464.19,786.72 473.00,790.69
             474.84,791.51 477.76,792.80 479.79,792.22
             482.04,791.57 483.31,788.87 484.42,787.00
             486.43,783.63 492.89,770.78 496.21,770.01
             497.90,769.61 499.47,770.44 501.00,771.00 Z
           M 546.00,774.00
           C 552.97,776.22 558.57,781.37 565.00,784.74
             565.00,784.74 588.00,797.89 588.00,797.89
             596.49,802.26 607.02,804.27 612.20,813.01
             614.42,816.76 614.87,820.40 615.98,824.42
             616.84,827.51 617.90,828.70 617.53,832.17
             616.70,839.97 615.79,837.00 615.72,848.14
             615.67,855.94 613.77,853.24 613.72,865.14
             613.64,882.40 606.13,891.81 600.53,907.00
             600.53,907.00 595.51,923.00 595.51,923.00
             595.51,923.00 593.09,934.00 593.09,934.00
             593.09,934.00 590.23,941.72 590.23,941.72
             590.23,941.72 588.96,947.04 588.96,947.04
             588.96,947.04 571.42,979.00 571.42,979.00
             571.42,979.00 549.10,1015.59 549.10,1015.59
             544.06,1021.19 534.88,1023.60 530.10,1027.49
             525.21,1031.48 516.14,1051.10 511.14,1057.71
             506.47,1063.89 504.05,1063.20 498.42,1066.21
             495.43,1067.81 493.58,1069.71 490.00,1070.79
             487.54,1071.19 479.00,1071.03 476.00,1070.79
             462.37,1070.84 452.62,1066.31 441.00,1059.86
             436.91,1057.59 431.82,1055.37 428.37,1052.24
             418.82,1043.56 411.41,1032.22 403.66,1022.00
             403.66,1022.00 390.44,1006.00 390.44,1006.00
             390.44,1006.00 380.46,989.00 380.46,989.00
             380.46,989.00 372.70,978.91 372.70,978.91
             372.70,978.91 363.80,962.17 363.80,962.17
             363.80,962.17 361.18,948.00 361.18,948.00
             360.80,944.87 361.27,942.17 360.36,939.00
             360.36,939.00 357.24,932.04 357.24,932.04
             356.07,929.19 356.45,928.39 355.80,925.83
             353.82,918.10 352.76,920.81 353.01,911.00
             353.25,901.53 359.24,892.11 363.70,884.00
             363.70,884.00 385.45,846.00 385.45,846.00
             385.45,846.00 397.00,827.00 397.00,827.00
             397.00,827.00 402.00,829.00 402.00,829.00
             398.65,845.58 388.38,851.23 388.73,862.38
             388.73,862.38 392.70,877.17 392.70,877.17
             394.04,880.16 395.38,881.37 396.49,884.96
             396.90,887.55 396.67,889.79 396.49,892.38
             396.82,897.09 397.87,897.15 398.55,900.91
             399.02,903.47 398.36,905.82 399.33,908.30
             399.33,908.30 416.47,935.00 416.47,935.00
             416.47,935.00 427.21,952.96 427.21,952.96
             427.21,952.96 440.49,969.00 440.49,969.00
             447.70,978.62 454.86,988.74 464.09,996.62
             473.24,1004.44 493.76,1012.85 506.00,1013.00
             509.79,1013.04 515.41,1013.39 518.83,1011.94
             526.23,1008.81 528.66,1003.56 532.42,997.00
             532.42,997.00 545.24,975.28 545.24,975.28
             545.24,975.28 550.00,971.00 550.00,971.00
             550.00,971.00 553.00,972.00 553.00,972.00
             555.82,968.27 559.24,968.79 561.78,964.86
             564.09,961.29 567.16,950.50 568.92,946.00
             568.92,946.00 576.22,930.00 576.22,930.00
             577.82,924.65 578.27,919.16 578.28,913.62
             578.30,905.79 579.63,906.93 580.04,902.58
             580.04,902.58 580.04,893.00 580.04,893.00
             580.08,887.00 581.24,885.64 581.26,883.00
             581.30,877.66 577.34,868.04 573.53,864.39
             570.58,861.55 562.36,858.96 558.00,856.74
             558.00,856.74 532.00,842.00 532.00,842.00
             528.41,840.26 516.87,833.64 515.95,829.91
             515.08,826.37 521.25,817.28 523.20,814.00
             523.20,814.00 546.00,774.00 546.00,774.00 Z" />
</svg>
