<?xml version="1.0" encoding="UTF-8" standalone="no"?>
<!DOCTYPE svg PUBLIC "-//W3C//DTD SVG 20010904//EN"
              "http://www.w3.org/TR/2001/REC-SVG-20010904/DTD/svg10.dtd">

<svg xmlns="http://www.w3.org/2000/svg"
     width="6.4in" height="3.6in"
     viewBox="0 0 1920 1080">
  <path id="9-1"
        fill="none" stroke="black" stroke-width="1"
        d="M 749.00,823.00
           C 748.57,817.72 738.72,803.91 736.04,798.04
             734.75,795.23 735.30,786.65 735.28,783.12
             735.26,775.29 733.37,777.30 733.28,770.37
             733.13,758.32 740.28,746.88 744.54,736.00
             744.54,736.00 747.34,728.00 747.34,728.00
             753.13,714.46 761.20,701.71 768.58,689.00
             777.38,673.84 785.37,657.89 797.49,645.02
             801.41,640.85 803.34,640.66 805.69,638.51
             808.84,635.63 813.03,627.93 815.28,624.00
             816.48,621.91 818.10,618.60 820.38,617.57
             822.94,616.42 834.31,618.99 839.00,619.00
             839.00,619.00 843.00,619.00 843.00,619.00
             843.00,619.00 857.00,620.00 857.00,620.00
             857.00,620.00 882.00,620.00 882.00,620.00
             897.14,619.98 895.05,615.85 903.04,614.33
             909.00,613.20 915.03,614.93 921.00,615.00
             930.18,615.10 944.66,611.95 952.91,615.97
             958.06,618.48 959.66,624.10 963.37,627.36
             963.37,627.36 978.00,635.06 978.00,635.06
             978.00,635.06 985.00,637.53 985.00,637.53
             989.21,639.33 998.93,645.01 999.22,650.04
             999.43,653.61 996.02,658.94 994.28,662.00
             994.28,662.00 980.42,686.00 980.42,686.00
             980.42,686.00 968.80,705.83 968.80,705.83
             968.80,705.83 953.69,727.00 953.69,727.00
             953.69,727.00 932.00,764.00 932.00,764.00
             932.00,764.00 919.44,782.04 919.44,782.04
             916.70,787.60 919.17,792.25 916.96,800.00
             916.96,800.00 914.26,808.91 914.26,808.91
             914.26,808.91 912.78,818.00 912.78,818.00
             912.78,818.00 908.53,828.83 908.53,828.83
             908.53,828.83 904.37,846.00 904.37,846.00
             904.37,846.00 902.79,864.00 902.79,864.00
             902.79,864.00 898.94,880.70 898.94,880.70
             898.19,886.02 899.20,890.22 897.31,898.09
             895.54,905.42 890.73,920.55 890.72,927.13
             890.72,927.13 890.72,941.38 890.72,941.38
             890.71,949.50 889.71,949.88 888.37,957.00
             888.37,957.00 887.68,965.00 887.68,965.00
             886.42,972.75 885.01,976.65 884.90,985.00
             884.90,985.00 884.90,1011.00 884.90,1011.00
             884.90,1011.00 882.27,1020.96 882.27,1020.96
             882.27,1020.96 880.96,1032.04 880.96,1032.04
             880.96,1032.04 866.28,1058.00 866.28,1058.00
             864.29,1061.50 855.66,1077.43 853.37,1079.01
             851.56,1080.26 848.16,1079.99 846.00,1080.00
             846.00,1080.00 846.78,1069.99 846.78,1069.99
             846.78,1069.99 849.00,1054.00 849.00,1054.00
             849.00,1054.00 850.10,1022.00 850.10,1022.00
             850.10,1022.00 851.95,1014.30 851.95,1014.30
             851.95,1014.30 852.51,1007.83 852.51,1007.83
             852.51,1007.83 855.20,987.00 855.20,987.00
             855.20,987.00 855.20,968.00 855.20,968.00
             855.20,968.00 858.40,960.00 858.40,960.00
             858.40,960.00 862.67,942.00 862.67,942.00
             862.67,942.00 863.18,931.00 863.18,931.00
             863.18,931.00 866.82,913.04 866.82,913.04
             866.82,913.04 868.51,896.83 868.51,896.83
             868.51,896.83 873.56,876.00 873.56,876.00
             873.56,876.00 877.45,867.00 877.45,867.00
             877.45,867.00 882.05,843.30 882.05,843.30
             882.05,843.30 883.14,833.00 883.14,833.00
             883.14,833.00 889.00,811.00 889.00,811.00
             889.00,811.00 871.01,843.00 871.01,843.00
             871.01,843.00 860.49,860.54 860.49,860.54
             860.49,860.54 846.54,873.66 846.54,873.66
             839.89,880.22 831.51,889.96 821.00,887.61
             818.07,886.95 815.64,885.31 813.00,883.96
             798.63,876.63 794.76,871.95 784.27,860.01
             784.27,860.01 768.33,844.58 768.33,844.58
             768.33,844.58 749.00,823.00 749.00,823.00 Z
           M 892.00,806.00
           C 892.00,806.00 922.60,754.04 922.60,754.04
             922.60,754.04 943.95,725.83 943.95,725.83
             943.95,725.83 955.72,706.00 955.72,706.00
             956.84,703.97 958.98,700.74 957.85,698.39
             956.32,695.19 950.95,694.57 948.00,693.61
             948.00,693.61 931.02,684.61 931.02,684.61
             925.20,679.96 924.84,675.15 919.00,672.95
             913.45,670.74 901.47,672.99 895.00,672.95
             895.00,672.95 878.04,672.05 878.04,672.05
             870.23,672.53 868.79,677.98 854.00,678.00
             854.00,678.00 828.00,678.00 828.00,678.00
             828.00,678.00 813.00,676.89 813.00,676.89
             813.00,676.89 798.18,676.89 798.18,676.89
             795.59,677.57 794.09,680.64 792.57,682.72
             789.45,686.95 784.79,690.06 783.00,695.00
             774.42,696.12 768.06,711.49 768.85,719.00
             769.26,722.92 770.21,723.02 770.33,729.00
             770.33,729.00 770.33,735.00 770.33,735.00
             770.36,746.68 772.41,742.51 776.01,751.00
             779.30,758.75 786.83,771.64 792.30,777.99
             792.30,777.99 808.17,794.58 808.17,794.58
             812.79,798.91 814.48,799.55 819.00,804.85
             827.15,814.40 831.86,819.33 843.00,825.40
             846.10,827.09 850.39,829.90 853.96,829.76
             860.60,829.49 874.03,815.43 878.51,810.48
             881.06,807.66 883.88,806.33 886.00,803.00
             886.00,803.00 892.00,806.00 892.00,806.00 Z" />
</svg>
