<?xml version="1.0" encoding="UTF-8" standalone="no"?>
<!DOCTYPE svg PUBLIC "-//W3C//DTD SVG 20010904//EN"
              "http://www.w3.org/TR/2001/REC-SVG-20010904/DTD/svg10.dtd">

<svg xmlns="http://www.w3.org/2000/svg"
     width="5.74667in" height="8.4in"
     viewBox="0 0 1724 2520">
  <path id="Selection"
        fill="none" stroke="black" stroke-width="1"
        d="M 949.00,145.00
           C 951.65,135.73 960.72,124.16 967.17,117.00
             967.17,117.00 982.00,102.17 982.00,102.17
             989.64,95.36 996.75,91.30 1007.00,94.44
             1011.23,95.74 1014.18,97.53 1016.89,101.09
             1019.86,104.99 1021.44,113.00 1022.98,118.00
             1028.70,136.69 1031.03,166.58 1033.87,187.00
             1035.39,197.93 1038.10,215.42 1043.00,225.00
             1043.00,225.00 1057.00,189.00 1057.00,189.00
             1058.51,195.42 1054.89,201.04 1052.68,207.00
             1052.68,207.00 1038.00,245.00 1038.00,245.00
             1038.00,245.00 1036.00,245.00 1036.00,245.00
             1025.92,223.61 1022.00,192.59 1022.00,169.00
             1014.89,171.21 1010.95,182.75 1007.42,189.00
             1007.42,189.00 985.40,228.00 985.40,228.00
             982.14,233.46 975.66,243.02 970.00,245.82
             965.21,248.20 960.72,246.59 960.11,240.98
             959.50,235.43 961.46,230.90 963.78,226.00
             970.67,211.44 987.55,189.54 1001.00,181.00
             1001.00,181.00 982.13,202.00 982.13,202.00
             975.63,209.59 968.47,219.42 965.36,229.00
             964.49,231.68 962.59,239.77 968.05,238.83
             973.40,237.91 981.44,223.73 984.15,219.00
             984.15,219.00 1008.25,174.00 1008.25,174.00
             1012.74,165.01 1017.22,159.30 1016.99,149.00
             1016.76,138.81 1014.57,126.53 1010.94,117.00
             1009.05,112.05 1005.98,106.69 1001.00,104.32
             995.15,101.53 988.63,105.90 984.00,109.29
             977.39,114.12 971.76,120.21 966.00,126.00
             960.61,131.41 954.57,137.28 953.00,145.00
             953.00,145.00 949.00,145.00 949.00,145.00 Z" />
</svg>
