<?xml version="1.0" encoding="UTF-8" standalone="no"?>
<!DOCTYPE svg PUBLIC "-//W3C//DTD SVG 20010904//EN"
              "http://www.w3.org/TR/2001/REC-SVG-20010904/DTD/svg10.dtd">

<svg xmlns="http://www.w3.org/2000/svg"
     width="5.74667in" height="8.4in"
     viewBox="0 0 1724 2520">
  <path id="Unnamed #2"
        fill="none" stroke="black" stroke-width="1"
        d="M 1019.00,103.88
           C 1019.00,103.88 1014.25,98.00 1014.25,98.00
             1014.25,98.00 1008.50,94.75 1008.50,94.75
             1008.50,94.75 1001.12,93.12 1001.12,93.12
             1001.12,93.12 994.25,92.38 985.38,99.75
             981.88,101.75 978.09,106.06 975.00,109.00
             969.27,114.45 964.27,120.80 959.75,126.50
             952.24,135.98 948.75,144.75 948.75,144.75
             948.75,144.75 953.62,144.50 953.62,144.50
             947.29,142.86 976.12,113.12 987.50,106.50
             996.00,100.62 1001.15,103.97 1001.25,103.88
             1001.25,103.88 1009.38,102.75 1015.88,134.50
             1016.00,134.88 1017.50,155.62 1017.50,155.62
             1017.50,155.62 992.50,207.38 977.88,230.00
             971.31,239.15 966.58,242.75 963.62,238.38
             963.25,213.88 1002.11,181.76 1001.25,180.62
             1000.68,179.87 968.75,207.88 960.38,234.75
             959.45,235.87 959.62,243.25 959.62,243.25
             959.62,243.25 964.88,253.12 974.50,242.38
             974.50,242.38 979.46,237.50 984.62,228.88
             997.53,207.33 1018.25,168.75 1018.25,168.75
             1019.92,165.71 1022.66,168.04 1022.12,169.00
             1022.12,169.00 1021.75,194.62 1027.00,216.00
             1029.37,228.42 1033.22,240.63 1037.00,246.00
             1037.00,248.50 1058.75,190.62 1058.75,190.62
             1058.75,190.62 1056.50,189.12 1056.50,189.12
             1056.50,189.12 1042.50,225.50 1042.50,225.50
             1042.50,225.50 1036.38,218.00 1029.00,148.75
             1025.88,124.12 1021.12,112.75 1021.12,112.75
             1020.38,108.50 1019.00,103.88 1019.00,103.88 Z" />
</svg>
