<?xml version="1.0" encoding="UTF-8" standalone="no"?>
<!DOCTYPE svg PUBLIC "-//W3C//DTD SVG 20010904//EN"
              "http://www.w3.org/TR/2001/REC-SVG-20010904/DTD/svg10.dtd">

<svg xmlns="http://www.w3.org/2000/svg"
     width="6.46667in" height="9.53333in"
     viewBox="0 0 1940 2860">
  <path id="A-3"
        fill="none" stroke="black" stroke-width="1"
        d="M 1106.00,227.00
           C 1101.71,244.32 1083.98,241.71 1078.99,233.54
             1077.61,231.27 1078.03,226.68 1077.96,224.00
             1077.96,221.00 1077.28,216.66 1077.96,214.00
             1080.28,204.36 1091.72,192.07 1100.00,187.17
             1103.23,185.25 1105.07,183.44 1109.00,183.12
             1113.42,182.76 1124.35,187.83 1127.82,190.53
             1130.77,192.82 1133.53,196.74 1135.54,200.00
             1143.37,214.56 1139.80,224.37 1135.54,239.00
             1135.54,239.00 1133.48,248.00 1133.48,248.00
             1132.07,252.32 1126.82,263.95 1127.78,268.00
             1128.35,270.44 1131.41,273.75 1132.90,276.00
             1135.58,280.05 1138.65,285.37 1140.00,290.00
             1140.00,290.00 1149.00,284.00 1149.00,284.00
             1149.00,284.00 1145.25,270.00 1145.25,270.00
             1145.25,270.00 1145.25,245.00 1145.25,245.00
             1145.25,245.00 1146.87,236.00 1146.87,236.00
             1148.39,226.60 1150.82,217.96 1161.00,215.00
             1161.20,222.73 1163.64,224.18 1163.13,227.00
             1162.58,230.08 1158.61,232.97 1156.74,236.00
             1154.72,239.27 1155.01,242.32 1155.00,246.00
             1154.98,256.42 1154.60,257.61 1157.13,268.00
             1157.13,268.00 1159.37,277.00 1159.37,277.00
             1159.37,277.00 1159.37,285.00 1159.37,285.00
             1159.37,285.00 1167.00,321.00 1167.00,321.00
             1169.94,331.08 1176.70,341.68 1162.00,346.00
             1162.00,346.00 1154.50,321.00 1154.50,321.00
             1154.50,321.00 1152.49,309.00 1152.49,309.00
             1152.49,309.00 1149.00,289.00 1149.00,289.00
             1145.02,292.47 1135.51,300.68 1131.00,302.00
             1131.00,302.00 1123.00,285.00 1123.00,285.00
             1122.81,291.12 1120.39,297.22 1118.43,303.00
             1114.90,313.40 1109.79,327.49 1102.73,335.99
             1101.14,337.90 1098.95,339.82 1097.00,341.37
             1095.59,342.50 1093.65,343.97 1092.00,344.69
             1085.80,347.37 1080.54,340.52 1079.15,335.00
             1079.15,335.00 1079.15,322.00 1079.15,322.00
             1079.09,314.52 1080.23,314.65 1081.98,308.00
             1081.98,308.00 1085.70,293.00 1085.70,293.00
             1087.39,288.90 1095.56,278.22 1099.01,275.26
             1100.83,273.70 1109.09,267.64 1111.00,266.85
             1114.12,265.57 1116.65,266.53 1119.01,263.69
             1120.94,261.36 1122.43,255.96 1123.27,253.00
             1125.68,244.47 1128.11,235.89 1128.00,227.00
             1127.93,221.72 1122.46,205.20 1118.78,201.62
             1115.90,198.82 1106.03,192.93 1102.00,193.56
             1099.33,193.97 1096.89,196.22 1095.02,198.04
             1087.82,205.05 1087.83,208.60 1088.00,218.00
             1088.04,219.95 1088.00,222.05 1089.02,223.79
             1090.79,226.79 1096.54,229.76 1100.00,229.07
             1100.00,229.07 1106.00,227.00 1106.00,227.00 Z
           M 1159.00,213.00
           C 1159.00,213.00 1160.00,213.00 1160.00,213.00
             1160.00,213.00 1159.00,214.00 1159.00,214.00
             1159.00,214.00 1159.00,213.00 1159.00,213.00 Z
           M 1106.00,276.60
           C 1093.12,282.85 1087.27,305.64 1087.02,319.00
             1086.92,324.13 1089.36,337.42 1096.96,335.77
             1101.95,334.68 1103.96,326.99 1105.71,323.00
             1110.56,311.94 1109.00,314.10 1112.22,304.00
             1112.22,304.00 1114.51,297.17 1114.51,297.17
             1114.51,297.17 1115.41,289.99 1115.41,289.99
             1116.88,281.93 1117.52,274.75 1106.00,276.60 Z" />
</svg>
