<?xml version="1.0" encoding="UTF-8" standalone="no"?>
<!DOCTYPE svg PUBLIC "-//W3C//DTD SVG 20010904//EN"
              "http://www.w3.org/TR/2001/REC-SVG-20010904/DTD/svg10.dtd">

<svg xmlns="http://www.w3.org/2000/svg"
     width="5.61333in" height="8.16in"
     viewBox="0 0 1684 2448">
  <path id="a-3"
        fill="none" stroke="black" stroke-width="1"
        d="M 623.00,368.00
           C 622.41,370.35 620.75,373.14 618.78,376.00
             616.16,379.80 612.23,384.63 607.00,383.53
             603.36,382.76 599.65,378.73 597.30,376.00
             597.30,376.00 581.75,355.00 581.75,355.00
             578.06,349.45 572.84,336.68 573.21,330.00
             573.70,321.00 579.38,311.50 584.06,304.00
             590.11,294.32 593.07,289.02 605.00,289.00
             605.00,289.00 641.00,289.00 641.00,289.00
             638.49,299.58 636.02,295.53 635.86,308.00
             635.86,308.00 635.86,321.00 635.86,321.00
             635.86,321.00 635.86,354.00 635.86,354.00
             635.86,354.00 637.00,369.00 637.00,369.00
             637.00,369.00 653.00,341.00 653.00,341.00
             653.00,341.00 656.00,344.00 656.00,344.00
             656.00,344.00 640.75,373.00 640.75,373.00
             640.75,373.00 634.00,385.00 634.00,385.00
             628.56,379.89 627.94,372.07 627.00,365.00
             627.00,365.00 624.00,366.00 624.00,366.00
             624.00,366.00 627.37,358.00 627.37,358.00
             628.49,354.01 627.09,331.73 627.27,331.09
             627.27,331.09 627.45,314.18 627.45,314.18
             628.18,308.18 627.64,300.18 627.09,301.09
             626.64,299.94 614.55,301.09 611.82,300.73
             611.82,300.73 601.64,300.55 601.64,300.55
             592.99,301.14 590.03,298.39 583.82,310.73
             582.55,314.73 581.09,312.18 582.18,327.09
             590.91,351.82 601.77,363.35 601.82,362.00
             604.09,365.57 609.46,371.17 613.09,372.72
             616.46,374.22 618.67,369.76 623.00,368.00 Z
           M 594.73,318.55" />
</svg>
