<?xml version="1.0" encoding="UTF-8" standalone="no"?>
<!DOCTYPE svg PUBLIC "-//W3C//DTD SVG 20010904//EN"
              "http://www.w3.org/TR/2001/REC-SVG-20010904/DTD/svg10.dtd">

<svg xmlns="http://www.w3.org/2000/svg"
     width="5.74667in" height="8.4in"
     viewBox="0 0 1724 2520">
  <path id="B-1"
        fill="none" stroke="black" stroke-width="1"
        d="M 1310.00,152.00
           C 1309.40,153.98 1307.74,160.98 1306.38,162.50
             1302.25,164.38 1298.04,162.57 1295.88,159.12
             1291.80,152.62 1293.11,137.89 1294.75,130.75
             1297.76,117.64 1303.00,106.59 1312.38,96.75
             1314.42,94.60 1316.72,92.19 1319.25,91.00
             1322.18,88.26 1323.75,85.88 1341.25,87.38
             1346.22,87.75 1353.75,90.50 1362.25,91.37
             1367.20,91.18 1376.42,87.62 1380.87,90.64
             1386.12,94.20 1384.31,102.84 1382.83,108.00
             1380.40,116.46 1373.84,124.30 1368.47,131.09
             1364.20,136.49 1360.16,142.57 1354.00,146.00
             1356.17,139.69 1358.49,139.62 1362.71,134.96
             1368.32,128.78 1378.68,112.63 1377.81,104.00
             1377.10,96.93 1371.54,99.83 1367.25,100.38
             1367.25,100.38 1361.90,101.46 1359.38,101.25
             1354.96,100.93 1348.37,99.62 1348.38,99.62
             1343.12,100.76 1337.99,110.25 1336.02,115.00
             1323.64,144.78 1324.95,173.64 1325.14,205.00
             1325.14,205.00 1325.14,215.00 1325.14,215.00
             1325.14,215.00 1325.14,224.22 1325.14,224.22
             1327.58,224.00 1332.39,223.82 1334.72,224.22
             1337.49,225.17 1341.26,228.00 1345.91,226.42
             1345.91,226.42 1352.09,222.74 1352.09,222.74
             1356.92,220.13 1367.00,213.79 1370.57,209.87
             1381.01,198.22 1381.59,181.45 1370.07,170.02
             1363.61,161.08 1348.62,162.17 1343.50,161.75
             1337.88,160.88 1334.77,164.88 1330.00,166.00
             1330.46,163.84 1330.82,161.58 1332.25,159.80
             1335.42,155.85 1346.05,153.45 1351.00,152.88
             1357.52,152.14 1358.01,153.25 1364.00,154.85
             1368.04,155.92 1372.24,156.46 1375.90,158.65
             1384.60,162.95 1387.24,176.08 1385.25,185.12
             1385.14,189.88 1381.17,204.52 1378.76,208.26
             1373.02,217.18 1362.86,224.13 1354.17,229.90
             1349.85,232.78 1344.51,239.03 1340.12,240.25
             1339.62,240.62 1336.86,238.53 1333.00,237.75
             1333.00,237.75 1325.12,236.75 1325.12,236.75
             1325.12,236.75 1318.00,236.73 1318.00,236.73
             1312.04,236.25 1308.52,239.18 1303.00,240.00
             1306.12,227.56 1314.11,227.74 1315.72,220.00
             1315.72,220.00 1317.12,191.62 1317.12,191.62
             1317.27,179.17 1318.75,158.12 1320.38,146.38
             1320.38,146.38 1322.75,134.75 1322.75,134.75
             1324.62,128.49 1330.32,116.61 1333.50,110.88
             1333.50,110.88 1338.86,104.00 1338.86,104.00
             1340.09,101.13 1340.50,100.12 1338.88,99.00
             1336.25,98.18 1325.92,97.51 1323.25,98.25
             1320.71,98.95 1319.26,98.79 1317.00,100.09
             1306.62,106.05 1302.03,119.86 1300.43,131.00
             1299.71,136.03 1299.75,147.12 1304.15,150.40
             1306.07,151.84 1307.76,151.82 1310.00,152.00 Z" />
</svg>
