<?xml version="1.0" encoding="UTF-8" standalone="no"?>
<!DOCTYPE svg PUBLIC "-//W3C//DTD SVG 20010904//EN"
              "http://www.w3.org/TR/2001/REC-SVG-20010904/DTD/svg10.dtd">

<svg xmlns="http://www.w3.org/2000/svg"
     width="5.61333in" height="8.16in"
     viewBox="0 0 1684 2448">
  <path id="b-1"
        fill="none" stroke="black" stroke-width="1"
        d="M 703.00,336.00
           C 705.20,325.25 711.90,315.97 712.95,310.00
             713.09,295.45 713.02,294.33 712.95,282.00
             712.95,282.00 713.66,264.00 713.66,264.00
             713.66,264.00 713.02,257.00 713.02,257.00
             713.02,257.00 713.02,244.00 713.02,244.00
             713.02,244.00 714.00,229.00 714.00,229.00
             714.00,229.00 714.00,194.00 714.00,194.00
             714.00,194.00 715.00,172.00 715.00,172.00
             714.91,162.73 718.67,151.37 720.36,147.64
             720.35,147.66 722.64,145.87 726.55,137.82
             726.55,137.82 732.18,128.55 732.18,128.55
             740.18,117.27 751.48,99.90 764.18,95.82
             768.41,95.00 776.82,93.80 781.00,93.96
             781.00,93.96 792.00,93.00 792.00,93.00
             792.00,93.00 800.00,93.00 800.00,93.00
             802.41,92.80 807.82,92.55 807.64,92.55
             808.36,105.27 807.21,107.14 805.74,111.00
             805.74,111.00 790.28,153.00 790.28,153.00
             790.28,153.00 775.34,189.00 775.34,189.00
             775.34,189.00 759.47,223.00 759.47,223.00
             759.47,223.00 742.13,263.00 742.13,263.00
             742.13,263.00 723.09,297.00 723.09,297.00
             721.54,301.81 722.01,307.90 722.00,313.00
             722.00,313.00 721.00,329.00 721.00,329.00
             721.00,329.00 721.91,355.00 721.91,355.00
             722.36,361.53 720.55,365.09 727.21,372.72
             730.73,380.00 738.35,369.64 741.96,366.41
             746.39,362.45 747.31,359.44 751.02,355.00
             757.37,347.38 768.73,335.82 771.82,326.18
             763.36,324.32 760.30,312.29 763.15,305.00
             765.53,298.89 767.09,298.00 772.00,289.00
             772.00,289.00 775.00,290.00 775.00,290.00
             775.00,290.00 775.00,288.00 775.00,288.00
             776.85,288.60 782.11,289.99 783.36,290.95
             789.11,295.39 784.82,305.89 784.00,312.00
             784.00,312.00 794.00,308.00 794.00,308.00
             788.93,318.67 780.31,319.94 775.67,328.17
             775.67,328.17 765.33,343.00 765.33,343.00
             765.33,343.00 754.59,355.27 754.59,355.27
             754.59,355.27 746.53,366.49 746.53,366.49
             746.53,366.49 739.09,372.42 739.09,372.42
             732.12,378.24 728.58,382.48 720.00,387.00
             720.00,387.00 716.30,386.53 713.76,374.00
             713.76,374.00 712.91,346.55 712.91,346.55
             712.92,346.52 714.47,316.80 712.00,321.00
             709.96,325.74 707.22,333.00 703.00,336.00 Z
           M 723.00,288.00
           C 727.83,283.86 729.00,279.47 732.01,274.00
             732.01,274.00 747.66,240.00 747.66,240.00
             747.66,240.00 765.69,202.00 765.69,202.00
             765.69,202.00 778.82,170.00 778.82,170.00
             778.82,170.00 783.05,161.00 783.05,161.00
             783.05,161.00 787.86,148.00 787.86,148.00
             791.78,137.18 798.71,124.48 798.99,113.00
             799.11,107.74 799.67,102.48 793.00,101.88
             793.00,101.88 782.00,101.88 782.00,101.88
             782.00,101.88 769.00,101.88 769.00,101.88
             760.53,102.12 757.85,101.57 752.00,107.27
             740.20,118.79 735.68,125.21 729.82,140.18
             729.82,140.18 725.53,155.00 725.53,155.00
             725.53,155.00 723.91,180.00 723.91,180.00
             723.91,180.00 723.00,190.00 723.00,190.00
             723.00,190.00 723.00,216.00 723.00,216.00
             723.00,216.00 722.00,232.00 722.00,232.00
             722.00,232.00 722.00,268.00 722.00,268.00
             722.00,274.23 721.33,282.11 723.00,288.00 Z
           M 774.42,291.59
           C 770.34,294.83 769.76,303.30 771.65,307.96
             772.72,310.60 775.35,314.44 778.73,312.85
             780.90,311.82 782.01,308.17 782.48,306.00
             783.91,299.47 783.65,289.94 774.42,291.59 Z" />
</svg>
