<?xml version="1.0" encoding="UTF-8" standalone="no"?>
<!DOCTYPE svg PUBLIC "-//W3C//DTD SVG 20010904//EN"
              "http://www.w3.org/TR/2001/REC-SVG-20010904/DTD/svg10.dtd">

<svg xmlns="http://www.w3.org/2000/svg"
     width="5.74667in" height="8.4in"
     viewBox="0 0 1724 2520">
  <path id="C-1"
        fill="none" stroke="black" stroke-width="1"
        d="M 1524.84,62.00
           C 1526.24,51.27 1536.14,47.49 1539.98,53.39
             1541.27,55.37 1541.03,59.63 1541.00,62.00
             1540.90,69.70 1536.74,81.38 1532.79,88.00
             1532.79,88.00 1526.67,98.00 1526.67,98.00
             1524.66,102.25 1525.26,106.56 1523.96,111.00
             1520.88,121.47 1513.48,132.46 1504.00,138.00
             1508.58,128.91 1516.00,126.67 1516.62,113.00
             1516.91,106.62 1511.39,99.92 1505.00,99.32
             1505.00,99.32 1496.00,99.32 1496.00,99.32
             1490.97,99.23 1485.96,99.33 1481.00,100.36
             1472.74,102.09 1470.43,106.21 1465.00,112.42
             1460.21,117.90 1447.84,132.76 1445.69,139.09
             1444.84,141.59 1444.97,145.32 1445.00,148.00
             1445.08,154.43 1446.02,156.97 1447.53,163.00
             1452.77,183.97 1458.80,196.16 1473.00,212.58
             1479.60,220.21 1487.69,229.17 1499.00,227.37
             1510.06,225.60 1519.57,217.41 1526.23,208.83
             1529.67,204.40 1530.86,199.95 1536.00,197.00
             1534.85,201.22 1531.64,205.14 1529.28,208.91
             1521.10,222.02 1505.69,239.31 1489.00,238.98
             1485.82,238.92 1482.84,238.64 1480.00,237.07
             1472.31,232.82 1469.88,227.99 1464.64,222.12
             1459.06,215.87 1449.21,202.56 1446.03,194.99
             1446.03,194.99 1443.53,187.00 1443.53,187.00
             1443.53,187.00 1440.63,180.00 1440.63,180.00
             1440.63,180.00 1439.25,173.00 1439.25,173.00
             1437.63,166.37 1436.09,164.25 1436.00,157.00
             1435.96,153.64 1435.76,146.99 1436.64,144.00
             1438.57,137.51 1448.72,125.64 1452.91,119.00
             1457.88,111.13 1460.39,109.33 1465.66,102.72
             1469.17,98.30 1470.81,94.67 1476.00,92.00
             1480.03,94.38 1483.55,91.62 1488.00,90.43
             1492.00,89.81 1507.86,89.63 1512.00,90.43
             1516.28,90.80 1520.64,93.49 1524.84,90.43
             1529.62,86.62 1538.18,65.97 1524.84,62.00 Z" />
</svg>
