<?xml version="1.0" encoding="UTF-8" standalone="no"?>
<!DOCTYPE svg PUBLIC "-//W3C//DTD SVG 20010904//EN"
              "http://www.w3.org/TR/2001/REC-SVG-20010904/DTD/svg10.dtd">

<svg xmlns="http://www.w3.org/2000/svg"
     width="5.61333in" height="8.16in"
     viewBox="0 0 1684 2448">
  <path id="c-1"
        fill="none" stroke="black" stroke-width="1"
        d="M 889.00,385.00
           C 886.73,378.18 881.61,378.93 876.00,373.48
             868.29,366.01 863.04,357.88 859.01,348.00
             856.26,341.25 855.94,341.40 854.91,334.73
             854.91,334.73 854.18,326.00 854.18,326.00
             853.46,318.45 855.64,309.64 860.92,302.09
             863.39,297.63 866.36,290.91 873.00,288.43
             879.51,285.40 887.76,286.98 894.55,286.55
             905.76,285.83 911.09,284.18 917.45,290.36
             908.00,305.45 912.73,297.09 902.00,297.45
             902.00,297.45 880.00,297.92 880.00,297.92
             874.93,297.29 870.52,295.42 866.72,300.26
             862.59,305.51 862.12,314.70 863.00,321.00
             867.27,346.73 869.35,347.65 880.29,359.00
             883.43,362.24 890.55,368.51 895.00,369.21
             900.41,370.07 905.15,362.71 910.00,360.00
             908.55,367.14 904.36,370.46 900.01,376.00
             898.35,378.12 895.91,381.78 893.82,383.26
             892.07,384.49 890.97,384.58 889.00,385.00 Z
           M 911.00,359.00
           C 911.00,359.00 912.00,359.00 912.00,359.00
             912.00,359.00 911.00,360.00 911.00,360.00
             911.00,360.00 911.00,359.00 911.00,359.00 Z
           M 871.64,287.45" />
</svg>
