<?xml version="1.0" encoding="UTF-8" standalone="no"?>
<!DOCTYPE svg PUBLIC "-//W3C//DTD SVG 20010904//EN"
              "http://www.w3.org/TR/2001/REC-SVG-20010904/DTD/svg10.dtd">

<svg xmlns="http://www.w3.org/2000/svg"
     width="5.61333in" height="8.16in"
     viewBox="0 0 1684 2448">
  <path id="d-1"
        fill="none" stroke="black" stroke-width="1"
        d="M 978.00,195.00
           C 973.17,202.26 957.11,204.28 950.00,199.44
             941.34,193.53 935.13,180.34 935.00,170.00
             934.96,166.36 934.77,158.19 935.55,155.00
             938.30,143.80 949.81,126.76 956.33,117.00
             962.31,108.06 968.17,99.43 980.00,100.04
             985.92,100.35 990.48,103.71 995.00,107.29
             1003.80,114.23 1010.77,121.93 1015.88,132.00
             1021.84,143.75 1022.49,150.26 1023.04,163.00
             1023.04,163.00 1023.66,170.00 1023.66,170.00
             1023.66,170.00 1023.00,181.00 1023.00,181.00
             1023.00,181.00 1023.00,202.00 1023.00,202.00
             1023.00,202.00 1022.00,216.00 1022.00,216.00
             1021.94,228.47 1019.20,240.69 1017.43,253.00
             1017.43,253.00 1015.83,270.00 1015.83,270.00
             1015.83,270.00 1012.88,282.00 1012.88,282.00
             1012.88,282.00 1008.71,300.00 1008.71,300.00
             1008.71,300.00 1000.26,325.00 1000.26,325.00
             1000.26,325.00 995.71,337.00 995.71,337.00
             990.43,352.19 989.93,353.67 981.92,368.00
             980.04,371.36 976.01,380.10 972.70,381.41
             968.94,382.91 963.38,379.57 960.00,378.00
             960.00,378.00 962.59,371.96 962.59,371.96
             962.59,371.96 963.45,356.55 963.45,356.55
             963.45,356.55 963.01,347.00 963.01,347.00
             963.01,347.00 963.91,335.00 963.91,335.00
             963.91,335.00 965.00,301.00 965.00,301.00
             959.39,303.01 958.61,305.66 954.84,310.00
             942.49,324.22 944.65,330.72 935.00,342.00
             935.70,335.35 937.30,334.68 939.83,329.00
             945.68,315.87 949.09,311.24 958.00,300.00
             960.57,296.75 965.64,287.48 970.61,289.59
             975.31,291.59 973.97,301.97 973.42,306.00
             971.07,323.20 970.80,340.65 971.00,358.00
             971.03,360.28 971.65,372.44 976.20,370.04
             978.26,368.95 982.17,361.35 983.46,359.00
             990.01,347.03 992.10,338.57 996.33,326.00
             996.33,326.00 1006.40,295.00 1006.40,295.00
             1006.40,295.00 1007.32,286.00 1007.32,286.00
             1007.32,286.00 1009.72,274.00 1009.72,274.00
             1009.72,274.00 1012.17,248.00 1012.17,248.00
             1012.84,241.35 1013.96,239.76 1014.00,232.00
             1014.00,232.00 1015.00,214.00 1015.00,214.00
             1015.00,214.00 1016.00,197.00 1016.00,197.00
             1016.00,197.00 1016.00,179.00 1016.00,179.00
             1015.72,155.05 1009.07,134.92 990.00,119.26
             986.74,116.59 980.81,111.41 977.00,110.09
             969.62,107.53 963.68,112.89 959.18,118.00
             950.14,128.27 943.16,142.11 943.00,156.00
             942.95,160.41 943.35,167.88 944.68,172.00
             948.08,182.49 959.77,194.15 971.00,195.63
             973.43,195.96 975.63,195.42 978.00,195.00 Z
           M 911.00,358.00
           C 911.60,362.58 908.21,366.12 905.00,369.00
             905.23,362.53 906.13,362.14 911.00,358.00 Z" />
</svg>
