<?xml version="1.0" encoding="UTF-8" standalone="no"?>
<!DOCTYPE svg PUBLIC "-//W3C//DTD SVG 20010904//EN"
              "http://www.w3.org/TR/2001/REC-SVG-20010904/DTD/svg10.dtd">

<svg xmlns="http://www.w3.org/2000/svg"
     width="5.74667in" height="8.4in"
     viewBox="0 0 1724 2520">
  <path id="D-1"
        fill="none" stroke="black" stroke-width="1"
        d="M 246.00,352.00
           C 246.63,348.08 247.21,346.97 250.06,344.04
             262.95,330.79 281.57,342.84 292.68,352.43
             295.21,354.62 302.92,364.11 304.96,367.00
             312.14,377.16 322.85,399.61 323.00,412.00
             323.07,418.01 323.17,424.19 321.22,429.96
             317.92,439.70 306.17,453.49 299.17,460.96
             293.80,466.69 286.84,474.33 280.00,478.00
             282.86,472.69 289.31,466.99 293.58,462.70
             299.93,456.33 305.83,449.25 310.05,441.28
             311.12,439.27 312.40,437.22 312.92,434.99
             313.79,431.21 312.62,422.10 312.16,418.00
             311.38,411.01 309.79,408.50 307.41,402.00
             302.14,387.55 290.36,366.72 277.00,358.73
             272.04,355.77 259.54,347.76 254.00,348.71
             251.66,349.11 248.43,351.05 246.00,352.00 Z
           M 227.00,363.00
           C 233.44,360.70 231.62,357.89 238.00,359.00
             234.15,367.84 225.98,368.44 232.22,378.96
             233.49,381.08 234.19,381.50 236.00,383.00
             234.52,386.10 229.84,392.57 225.87,392.41
             220.89,392.21 218.78,382.92 219.20,379.00
             219.98,371.69 225.11,369.64 227.00,363.00 Z
           M 230.00,440.00
           C 234.62,428.48 240.01,423.25 247.29,413.83
             247.29,413.83 255.01,403.00 255.01,403.00
             258.49,398.57 262.15,392.97 268.00,392.00
             266.49,396.25 263.87,400.37 264.19,405.00
             264.79,413.62 272.42,429.02 271.66,437.00
             271.34,440.31 264.95,460.49 263.45,463.63
             262.17,466.31 258.85,467.68 258.86,471.01
             258.87,476.94 265.91,478.23 270.00,480.00
             262.06,482.16 260.47,487.09 256.83,488.16
             251.81,489.63 246.58,482.88 247.48,477.01
             248.23,472.14 257.73,461.45 258.98,457.96
             259.79,455.71 259.87,453.34 260.15,451.00
             261.60,438.96 260.13,438.03 256.59,427.00
             256.59,427.00 253.00,414.00 253.00,414.00
             245.51,419.24 245.10,420.21 240.03,428.00
             236.77,433.01 235.52,437.23 230.00,440.00 Z
           M 294.00,408.00
           C 292.84,417.71 295.44,415.74 295.41,420.00
             295.39,422.77 291.56,429.73 288.95,430.83
             284.91,432.53 284.03,426.67 284.22,424.00
             284.67,417.73 287.92,410.28 294.00,408.00 Z" />
</svg>
