<?xml version="1.0" encoding="UTF-8" standalone="no"?>
<!DOCTYPE svg PUBLIC "-//W3C//DTD SVG 20010904//EN"
              "http://www.w3.org/TR/2001/REC-SVG-20010904/DTD/svg10.dtd">

<svg xmlns="http://www.w3.org/2000/svg"
     width="5.74667in" height="8.4in"
     viewBox="0 0 1724 2520">
  <path id="E-1"
        fill="none" stroke="black" stroke-width="1"
        d="M 489.00,464.00
           C 486.61,469.52 483.47,471.93 478.99,475.75
             475.11,479.07 466.76,486.57 462.00,487.69
             455.21,489.29 451.34,486.55 446.00,483.02
             438.92,478.35 426.84,468.17 422.65,460.91
             418.25,453.32 420.00,445.68 425.12,439.00
             427.29,436.17 433.21,429.77 433.02,426.16
             432.87,423.40 428.84,419.92 427.00,418.00
             422.48,413.29 416.42,406.84 416.06,400.00
             415.76,394.38 417.99,390.83 420.42,386.00
             427.26,372.45 435.74,366.62 443.72,355.00
             447.65,349.27 455.06,339.38 462.00,337.56
             470.97,335.20 477.79,340.13 486.00,340.81
             486.00,340.81 497.00,340.00 497.00,340.00
             493.01,347.75 484.43,351.34 476.00,350.96
             468.81,350.64 462.09,344.09 455.01,348.59
             449.66,352.00 447.56,357.19 444.17,361.96
             439.06,369.14 426.32,380.87 426.20,390.00
             426.11,396.04 431.06,401.93 435.02,406.00
             441.85,413.04 446.14,417.28 454.00,423.23
             456.68,425.26 461.38,429.10 464.58,429.95
             466.12,430.28 469.29,430.04 471.00,429.95
             467.98,436.18 458.90,441.19 452.04,439.08
             443.04,436.31 441.32,426.27 433.94,435.02
             433.94,435.02 431.72,438.00 431.72,438.00
             428.03,444.21 431.04,450.32 435.31,455.17
             442.01,462.76 454.55,475.84 465.00,477.22
             472.74,478.24 482.62,468.05 489.00,464.00 Z
           M 499.00,338.00
           C 499.00,338.00 500.00,338.00 500.00,338.00
             500.00,338.00 499.00,339.00 499.00,339.00
             499.00,339.00 499.00,338.00 499.00,338.00 Z
           M 450.00,410.00
           C 452.90,396.36 464.17,397.12 475.00,397.03
             477.24,396.97 483.93,395.91 485.35,397.03
             487.20,398.56 485.61,401.10 484.63,402.57
             480.96,408.14 479.24,407.99 473.00,408.00
             473.00,408.00 464.00,408.00 464.00,408.00
             464.00,408.00 450.00,410.00 450.00,410.00 Z
           M 496.00,456.00
           C 496.00,456.00 497.00,456.00 497.00,456.00
             497.00,456.00 496.00,457.00 496.00,457.00
             496.00,457.00 496.00,456.00 496.00,456.00 Z
           M 490.00,463.00
           C 490.00,463.00 507.33,447.00 507.33,447.00
             507.33,447.00 490.00,464.00 490.00,464.00
             490.00,464.00 490.00,463.00 490.00,463.00 Z" />
</svg>
