<?xml version="1.0" encoding="UTF-8" standalone="no"?>
<!DOCTYPE svg PUBLIC "-//W3C//DTD SVG 20010904//EN"
              "http://www.w3.org/TR/2001/REC-SVG-20010904/DTD/svg10.dtd">

<svg xmlns="http://www.w3.org/2000/svg"
     width="5.61333in" height="8.16in"
     viewBox="0 0 1684 2448">
  <path id="e-1"
        fill="none" stroke="black" stroke-width="1"
        d="M 1099.00,368.00
           C 1105.64,363.27 1089.77,387.97 1082.00,388.37
             1077.89,388.59 1071.17,384.42 1068.00,381.98
             1050.81,368.78 1043.03,357.76 1043.00,336.00
             1042.97,319.73 1045.24,314.73 1054.36,301.00
             1057.11,296.86 1062.68,289.68 1067.45,287.82
             1069.09,291.09 1071.45,289.09 1076.00,289.05
             1090.55,289.82 1099.83,291.97 1099.09,289.09
             1102.79,289.22 1099.72,288.53 1102.40,292.15
             1105.41,296.24 1101.94,300.56 1099.67,304.00
             1094.37,312.01 1074.22,337.22 1066.55,342.73
             1066.55,342.73 1090.12,312.00 1090.12,312.00
             1091.29,309.90 1093.08,306.60 1092.30,304.15
             1095.27,300.00 1087.70,301.05 1085.00,301.00
             1064.91,301.45 1061.45,298.18 1054.07,310.02
             1050.36,322.73 1050.18,343.82 1055.35,349.00
             1061.09,359.64 1064.73,362.08 1069.45,366.55
             1073.61,370.47 1082.00,377.82 1088.91,375.71
             1092.61,375.01 1095.99,370.46 1099.00,368.00 Z
           M 1093.45,303.64M 1125.45,284.91" />
</svg>
