<?xml version="1.0" encoding="UTF-8" standalone="no"?>
<!DOCTYPE svg PUBLIC "-//W3C//DTD SVG 20010904//EN"
              "http://www.w3.org/TR/2001/REC-SVG-20010904/DTD/svg10.dtd">

<svg xmlns="http://www.w3.org/2000/svg"
     width="5.61333in" height="8.16in"
     viewBox="0 0 1684 2448">
  <path id="e-2"
        fill="none" stroke="black" stroke-width="1"
        d="M 1187.00,368.00
           C 1185.24,372.06 1180.16,382.13 1175.71,383.29
             1172.01,384.25 1163.74,377.71 1161.00,375.41
             1150.99,367.02 1143.07,355.40 1138.87,343.00
             1137.35,338.50 1135.48,334.93 1136.14,330.00
             1136.63,326.35 1142.28,316.45 1144.42,313.00
             1147.47,308.10 1156.91,294.91 1161.17,291.88
             1166.15,288.33 1176.87,286.79 1183.00,287.04
             1186.11,287.17 1195.26,288.83 1196.19,292.27
             1197.04,295.41 1191.42,304.26 1189.60,306.99
             1182.87,317.09 1175.79,326.70 1167.01,335.08
             1163.66,338.28 1161.14,341.88 1157.00,344.00
             1159.44,336.84 1164.83,333.31 1169.48,327.83
             1169.48,327.83 1174.73,320.66 1174.73,320.66
             1177.64,316.84 1184.79,307.85 1183.80,303.05
             1182.87,298.59 1177.71,298.09 1174.00,298.02
             1165.31,297.83 1156.22,301.88 1151.11,309.09
             1148.94,312.15 1145.46,320.27 1145.27,324.00
             1145.08,327.71 1146.98,332.60 1148.43,336.00
             1152.01,344.43 1157.89,355.43 1165.09,361.15
             1168.79,364.09 1177.15,371.63 1181.91,370.50
             1183.53,370.11 1185.44,368.74 1187.00,368.00 Z" />
</svg>
