<?xml version="1.0" encoding="UTF-8" standalone="no"?>
<!DOCTYPE svg PUBLIC "-//W3C//DTD SVG 20010904//EN"
              "http://www.w3.org/TR/2001/REC-SVG-20010904/DTD/svg10.dtd">

<svg xmlns="http://www.w3.org/2000/svg"
     width="5.74667in" height="8.4in"
     viewBox="0 0 1724 2520">
  <path id="F-1"
        fill="none" stroke="black" stroke-width="1"
        d="M 583.00,396.00
           C 579.76,405.31 568.60,409.88 562.08,401.62
             557.48,395.79 557.92,388.96 558.00,382.00
             558.18,367.75 568.65,354.84 579.03,346.00
             583.20,342.46 586.54,339.01 592.00,337.61
             595.93,336.60 600.10,337.29 604.00,338.12
             613.10,340.06 626.95,351.66 636.00,350.53
             647.29,349.12 647.12,336.26 659.00,333.00
             657.81,337.35 651.28,346.57 647.91,349.62
             647.91,349.62 641.12,354.73 641.12,354.73
             637.17,357.95 634.36,360.60 629.00,361.21
             623.59,362.20 616.31,358.58 612.38,361.21
             609.67,362.71 606.97,368.99 605.94,372.00
             604.29,376.79 602.50,382.93 603.21,388.00
             604.08,394.28 609.22,403.74 611.00,410.00
             621.14,405.94 626.50,393.33 638.00,392.06
             639.88,391.80 644.08,391.14 645.65,392.06
             647.52,393.26 647.28,395.20 646.68,397.00
             644.11,404.74 643.01,400.28 643.00,412.00
             642.99,421.35 645.22,433.81 656.00,436.59
             658.21,437.16 663.23,436.13 666.00,436.00
             660.07,442.25 655.59,440.95 649.02,436.68
             647.21,435.51 645.33,434.35 643.99,432.62
             641.75,429.73 639.04,420.75 638.44,417.00
             637.97,414.09 638.33,407.26 636.98,405.15
             635.15,402.77 631.36,403.79 629.00,405.15
             627.42,405.72 624.47,407.88 623.04,409.00
             609.45,419.73 622.36,427.69 620.83,444.00
             619.95,453.42 619.79,462.84 617.09,472.00
             614.23,481.71 604.51,497.61 597.58,504.94
             592.81,509.99 591.66,508.17 588.01,509.59
             583.75,511.25 582.98,514.94 578.00,514.84
             570.42,514.68 568.87,507.05 569.02,501.00
             569.23,491.94 577.86,480.55 586.00,477.00
             586.00,477.00 587.00,478.00 587.00,478.00
             585.00,483.44 579.44,486.74 579.63,493.00
             579.93,503.22 589.23,508.54 598.19,496.42
             602.56,490.52 607.49,479.31 608.68,472.00
             608.68,472.00 609.28,464.00 609.28,464.00
             609.81,459.64 611.19,453.14 610.90,449.00
             609.96,435.45 591.57,406.95 592.04,394.00
             592.20,389.60 595.13,374.93 597.09,371.00
             598.72,367.73 605.03,360.03 604.93,357.09
             604.82,353.61 599.75,351.42 597.00,350.32
             582.18,344.40 575.59,354.38 571.14,367.00
             569.90,370.54 568.09,375.24 568.27,379.00
             568.45,382.65 570.88,389.13 573.39,391.77
             576.12,394.66 579.42,394.89 583.00,396.00 Z" />
</svg>
