<?xml version="1.0" encoding="UTF-8" standalone="no"?>
<!DOCTYPE svg PUBLIC "-//W3C//DTD SVG 20010904//EN"
              "http://www.w3.org/TR/2001/REC-SVG-20010904/DTD/svg10.dtd">

<svg xmlns="http://www.w3.org/2000/svg"
     width="5.61333in" height="8.16in"
     viewBox="0 0 1684 2448">
  <path id="f-1"
        fill="none" stroke="black" stroke-width="1"
        d="M 1361.00,333.00
           C 1361.00,333.00 1377.86,287.00 1377.86,287.00
             1377.86,287.00 1387.36,267.00 1387.36,267.00
             1388.12,264.43 1389.00,252.15 1389.00,249.00
             1389.00,249.00 1389.89,220.00 1389.89,220.00
             1388.37,202.53 1389.98,206.39 1389.89,193.00
             1389.89,193.00 1389.89,152.00 1389.89,152.00
             1390.01,148.32 1390.59,139.27 1391.70,136.00
             1392.51,133.60 1394.24,131.19 1395.55,129.00
             1402.56,117.29 1401.81,116.68 1412.04,106.91
             1415.93,103.20 1421.94,97.56 1427.00,95.67
             1429.02,94.91 1442.20,94.00 1445.00,94.00
             1445.00,94.00 1458.00,94.00 1458.00,94.00
             1463.30,94.09 1464.68,95.11 1467.00,95.17
             1467.00,95.17 1475.00,94.00 1475.00,94.00
             1473.11,103.00 1470.27,105.31 1466.63,113.00
             1466.63,113.00 1463.19,121.00 1463.19,121.00
             1463.19,121.00 1457.31,131.00 1457.31,131.00
             1457.31,131.00 1448.31,148.00 1448.31,148.00
             1448.31,148.00 1441.54,162.00 1441.54,162.00
             1441.54,162.00 1428.31,187.00 1428.31,187.00
             1428.31,187.00 1419.57,208.00 1419.57,208.00
             1419.57,208.00 1406.75,238.00 1406.75,238.00
             1406.75,238.00 1397.87,257.00 1397.87,257.00
             1397.87,257.00 1397.87,268.00 1397.87,268.00
             1397.78,272.57 1395.35,283.96 1398.60,287.44
             1401.72,290.77 1412.52,290.05 1417.00,290.00
             1417.00,290.00 1430.00,289.00 1430.00,289.00
             1438.20,288.91 1438.62,289.11 1447.00,288.00
             1443.61,299.97 1430.24,321.31 1446.04,330.37
             1448.43,331.74 1450.35,332.38 1453.00,333.00
             1453.00,333.00 1453.00,335.00 1453.00,335.00
             1433.40,334.81 1431.65,317.04 1436.00,302.00
             1431.09,301.03 1414.67,302.29 1409.00,302.83
             1405.96,303.12 1400.87,302.52 1398.60,304.74
             1396.66,306.64 1397.01,310.47 1397.00,313.00
             1397.00,313.00 1397.00,344.00 1397.00,344.00
             1397.00,344.00 1396.04,356.00 1396.04,356.00
             1396.04,356.00 1396.04,369.00 1396.04,369.00
             1396.04,369.00 1395.00,385.00 1395.00,385.00
             1395.00,385.00 1395.00,415.00 1395.00,415.00
             1395.00,415.00 1393.46,431.00 1393.46,431.00
             1393.46,431.00 1393.46,439.00 1393.46,439.00
             1393.12,447.63 1392.39,457.71 1390.15,466.00
             1388.71,471.32 1388.85,473.78 1384.08,477.00
             1384.08,477.00 1384.08,453.00 1384.08,453.00
             1384.08,453.00 1385.05,444.72 1385.05,444.72
             1385.05,444.72 1384.37,437.00 1384.37,437.00
             1384.37,437.00 1385.71,428.00 1385.71,428.00
             1385.71,428.00 1386.96,408.00 1386.96,408.00
             1386.96,408.00 1386.18,398.00 1386.18,398.00
             1386.18,398.00 1388.00,370.00 1388.00,370.00
             1388.00,370.00 1388.00,275.00 1388.00,275.00
             1384.06,278.80 1382.37,284.03 1380.26,289.00
             1380.26,289.00 1370.19,315.00 1370.19,315.00
             1368.18,321.28 1367.07,329.36 1361.00,333.00 Z
           M 1398.00,243.00
           C 1403.37,239.53 1406.35,229.83 1408.36,224.00
             1408.36,224.00 1414.66,209.00 1414.66,209.00
             1414.66,209.00 1437.97,159.00 1437.97,159.00
             1437.97,159.00 1449.89,136.00 1449.89,136.00
             1449.89,136.00 1456.18,125.00 1456.18,125.00
             1456.18,125.00 1460.40,114.00 1460.40,114.00
             1461.36,111.54 1463.46,106.89 1462.36,104.31
             1461.29,101.79 1457.35,101.90 1455.00,101.58
             1447.67,100.56 1440.41,99.88 1433.00,100.00
             1424.18,100.15 1414.60,106.75 1409.96,114.17
             1409.96,114.17 1406.60,122.00 1406.60,122.00
             1404.44,126.51 1403.53,126.39 1401.76,132.00
             1400.14,137.12 1397.76,151.77 1398.09,157.00
             1398.45,162.62 1399.24,164.56 1398.96,171.00
             1398.96,171.00 1398.00,184.00 1398.00,184.00
             1398.00,184.00 1398.00,243.00 1398.00,243.00 Z" />
</svg>
