<?xml version="1.0" encoding="UTF-8" standalone="no"?>
<!DOCTYPE svg PUBLIC "-//W3C//DTD SVG 20010904//EN"
              "http://www.w3.org/TR/2001/REC-SVG-20010904/DTD/svg10.dtd">

<svg xmlns="http://www.w3.org/2000/svg"
     width="5.61333in" height="8.16in"
     viewBox="0 0 1684 2448">
  <path id="g-1"
        fill="none" stroke="black" stroke-width="1"
        d="M 1515.00,367.00
           C 1512.82,371.61 1507.29,377.12 1503.58,380.89
             1501.72,382.78 1499.88,384.57 1497.00,383.92
             1489.65,382.27 1482.40,366.38 1479.20,360.00
             1474.94,351.51 1467.83,337.52 1468.02,328.00
             1468.19,319.11 1472.24,315.73 1477.26,309.00
             1481.82,302.87 1489.10,290.92 1496.00,287.93
             1498.94,286.66 1504.67,286.96 1508.00,287.00
             1516.05,287.10 1517.63,289.34 1524.00,288.90
             1530.29,288.48 1531.39,286.18 1539.00,287.00
             1536.06,293.96 1533.34,301.36 1533.04,309.00
             1533.04,309.00 1533.96,324.00 1533.96,324.00
             1533.96,324.00 1532.00,346.00 1532.00,346.00
             1532.00,346.00 1532.00,361.00 1532.00,361.00
             1532.00,361.00 1530.72,382.00 1530.72,382.00
             1530.72,382.00 1530.72,391.00 1530.72,391.00
             1530.34,394.13 1531.20,395.64 1530.72,400.00
             1530.19,407.44 1528.36,410.65 1528.74,419.00
             1529.18,428.53 1522.91,436.15 1518.64,444.00
             1512.41,455.46 1505.95,468.39 1495.00,476.21
             1485.40,483.07 1477.70,482.32 1467.00,480.31
             1463.37,479.63 1461.73,479.71 1458.00,478.29
             1452.67,476.25 1445.91,470.22 1446.26,464.00
             1446.26,464.00 1447.63,458.00 1447.63,458.00
             1448.25,454.88 1447.93,453.42 1449.11,450.00
             1453.09,438.38 1465.60,422.23 1473.84,413.00
             1478.74,407.51 1483.00,401.34 1489.00,397.00
             1487.70,403.09 1482.83,407.13 1479.13,412.00
             1471.11,422.55 1454.83,442.19 1455.20,456.00
             1455.50,467.22 1479.13,472.54 1488.00,471.05
             1502.73,468.57 1509.10,456.94 1515.67,445.00
             1517.53,441.63 1520.89,435.75 1521.49,432.00
             1522.23,427.37 1519.23,425.25 1519.57,421.00
             1519.88,417.21 1522.98,414.67 1523.00,401.00
             1523.00,401.00 1523.00,382.00 1523.00,382.00
             1523.00,382.00 1524.00,367.00 1524.00,367.00
             1524.00,367.00 1524.00,352.00 1524.00,352.00
             1524.00,352.00 1526.01,330.00 1526.01,330.00
             1526.01,330.00 1526.01,310.00 1526.01,310.00
             1526.29,304.37 1527.66,303.10 1527.00,297.00
             1523.21,298.00 1518.93,299.11 1515.00,298.82
             1507.03,298.21 1494.91,292.80 1489.04,300.11
             1486.22,303.61 1477.40,318.82 1477.14,323.00
             1476.65,331.04 1484.28,345.70 1487.90,353.00
             1490.51,358.28 1496.81,370.58 1503.00,371.69
             1506.80,372.38 1508.65,368.73 1515.00,367.00 Z" />
</svg>
