<?xml version="1.0" encoding="UTF-8" standalone="no"?>
<!DOCTYPE svg PUBLIC "-//W3C//DTD SVG 20010904//EN"
              "http://www.w3.org/TR/2001/REC-SVG-20010904/DTD/svg10.dtd">

<svg xmlns="http://www.w3.org/2000/svg"
     width="5.74667in" height="8.4in"
     viewBox="0 0 1724 2520">
  <path id="G-1"
        fill="none" stroke="black" stroke-width="1"
        d="M 777.00,475.00
           C 775.39,478.13 773.54,481.20 771.11,484.00
             766.66,488.49 758.39,487.64 753.32,484.00
             745.03,478.62 734.21,462.76 729.42,453.83
             729.42,453.83 714.39,416.00 714.39,416.00
             712.49,410.25 709.70,405.31 710.18,399.00
             710.85,390.31 716.42,383.81 721.10,377.00
             729.97,364.10 729.04,361.77 741.96,350.44
             747.11,345.92 754.84,339.75 762.00,339.30
             767.78,338.93 773.62,343.55 778.00,343.99
             781.63,344.36 785.61,342.26 789.00,341.00
             786.82,348.07 775.59,355.69 768.00,354.31
             763.49,353.48 757.46,349.48 753.00,350.55
             743.14,352.91 731.31,370.84 725.79,379.00
             723.33,382.63 719.36,387.14 720.35,391.91
             721.05,395.26 723.93,396.31 724.63,400.01
             725.04,402.47 723.86,404.53 724.63,408.00
             724.63,408.00 727.64,416.00 727.64,416.00
             732.53,430.77 738.17,445.57 747.81,458.00
             750.50,461.46 759.57,474.12 764.73,471.12
             768.87,468.71 770.60,456.55 771.00,452.00
             771.50,446.27 772.68,438.74 771.86,433.01
             771.32,429.25 769.67,428.37 769.37,425.83
             769.05,423.13 770.67,420.76 770.38,418.00
             769.96,414.02 766.14,411.29 767.22,407.00
             768.61,401.45 776.89,397.25 782.00,396.00
             783.76,409.33 782.02,405.38 782.00,417.00
             781.98,431.59 781.10,443.04 776.13,457.00
             776.13,457.00 767.00,475.00 767.00,475.00
             767.00,475.00 777.00,475.00 777.00,475.00 Z
           M 813.00,440.00
           C 816.02,444.61 811.61,449.70 809.29,454.00
             801.97,467.58 795.03,470.60 794.78,487.00
             794.78,487.00 794.78,536.00 794.78,536.00
             794.78,536.00 791.42,551.00 791.42,551.00
             790.28,555.94 784.07,572.18 781.03,575.54
             778.10,578.76 774.56,581.40 770.99,583.83
             759.45,591.68 750.79,594.01 737.00,590.76
             729.33,588.96 721.10,583.99 719.00,576.00
             723.59,573.26 723.67,568.84 725.34,564.00
             727.95,556.47 728.57,555.61 732.78,549.00
             732.78,549.00 740.49,537.01 740.49,537.01
             740.49,537.01 748.97,527.56 748.97,527.56
             748.97,527.56 776.65,494.72 776.65,494.72
             782.87,486.78 789.91,478.29 784.00,468.00
             784.00,468.00 779.85,473.00 779.85,473.00
             779.53,470.95 779.15,470.19 779.85,468.00
             780.26,465.71 787.87,451.47 789.59,449.29
             791.00,447.48 794.67,442.01 797.43,444.07
             799.13,445.35 798.50,448.23 798.24,450.00
             797.17,457.40 797.01,456.12 797.00,464.00
             797.00,464.00 805.21,450.00 805.21,450.00
             805.21,450.00 813.00,440.00 813.00,440.00 Z
           M 785.02,495.00
           C 778.87,497.19 772.47,506.46 768.00,511.54
             768.00,511.54 758.59,521.17 758.59,521.17
             752.26,528.01 740.92,542.77 736.81,551.00
             733.27,558.08 728.96,569.35 736.19,575.43
             743.99,582.00 763.21,582.78 771.89,577.44
             774.67,575.73 779.02,569.87 780.64,567.00
             783.59,561.77 785.92,546.15 785.92,540.00
             785.92,540.00 785.18,532.00 785.18,532.00
             785.18,532.00 785.90,523.00 785.90,523.00
             785.90,523.00 785.02,515.00 785.02,515.00
             784.74,508.05 786.84,501.49 785.02,495.00 Z
           M 697.00,568.00
           C 697.00,568.00 702.00,568.00 702.00,568.00
             699.99,570.94 699.01,570.94 697.00,568.00 Z" />
</svg>
