<?xml version="1.0" encoding="UTF-8" standalone="no"?>
<!DOCTYPE svg PUBLIC "-//W3C//DTD SVG 20010904//EN"
              "http://www.w3.org/TR/2001/REC-SVG-20010904/DTD/svg10.dtd">

<svg xmlns="http://www.w3.org/2000/svg"
     width="5.74667in" height="8.4in"
     viewBox="0 0 1724 2520">
  <path id="H-1"
        fill="none" stroke="black" stroke-width="1"
        d="M 887.00,413.00
           C 892.40,412.44 896.44,410.18 902.00,411.61
             909.10,413.43 912.74,418.27 916.71,415.86
             920.00,413.87 919.98,403.65 920.00,400.00
             920.07,384.39 921.80,374.16 924.54,359.00
             924.54,359.00 925.87,351.00 925.87,351.00
             929.21,341.23 935.41,330.70 943.04,323.69
             951.98,315.48 965.43,302.90 976.00,316.00
             976.00,316.00 956.00,332.00 956.00,332.00
             956.66,330.75 958.48,327.75 958.50,326.44
             958.55,320.50 951.27,324.18 949.04,325.90
             943.18,330.42 940.94,335.30 938.42,342.00
             933.99,353.79 931.06,376.30 931.00,389.00
             931.00,389.00 930.04,408.00 930.04,408.00
             930.04,408.00 930.98,417.00 930.98,417.00
             930.98,417.00 930.98,436.00 930.98,436.00
             931.01,446.01 930.47,468.65 940.00,474.00
             939.25,480.34 933.95,485.93 928.00,488.00
             928.00,488.00 922.02,475.09 922.02,475.09
             922.02,475.09 917.23,468.91 917.23,468.91
             917.23,468.91 912.73,462.90 912.73,462.90
             912.73,462.90 906.00,461.00 906.00,461.00
             906.00,461.00 906.00,459.00 906.00,459.00
             912.17,456.30 913.38,455.87 920.00,457.00
             920.00,457.00 920.00,423.00 920.00,423.00
             916.27,425.05 911.18,429.51 907.00,429.79
             899.95,429.66 890.80,418.33 886.42,429.79
             886.42,429.79 885.22,434.00 885.22,434.00
             885.06,436.25 885.03,437.75 885.22,440.00
             884.84,454.04 886.26,474.77 882.71,488.00
             882.71,488.00 879.05,498.00 879.05,498.00
             875.86,506.48 871.08,516.22 861.00,517.00
             861.33,507.47 864.61,509.65 868.42,505.52
             870.10,503.70 873.18,496.49 873.69,494.00
             875.49,485.13 875.00,476.00 875.00,467.00
             875.00,467.00 875.00,427.00 875.00,427.00
             862.34,426.71 865.91,422.68 866.00,413.00
             866.00,413.00 869.00,413.00 869.00,413.00
             869.00,413.00 869.00,416.00 869.00,416.00
             874.22,412.92 875.52,407.65 876.16,402.00
             876.16,402.00 877.17,386.00 877.17,386.00
             877.17,386.00 880.00,366.00 880.00,366.00
             873.96,366.13 868.73,366.91 864.10,371.21
             858.26,376.64 855.35,385.35 848.00,389.00
             848.41,380.75 850.55,379.47 855.15,373.00
             861.66,363.85 866.84,355.18 879.00,353.80
             882.16,353.69 891.01,350.72 892.88,353.80
             894.70,356.41 889.84,363.77 889.07,369.00
             886.91,383.56 887.00,398.31 887.00,413.00 Z
           M 908.00,341.00
           C 908.00,341.00 909.00,341.00 909.00,341.00
             909.00,341.00 908.00,342.00 908.00,342.00
             908.00,342.00 908.00,341.00 908.00,341.00 Z
           M 956.00,423.00
           C 956.00,423.00 959.00,426.00 959.00,426.00
             959.00,426.00 956.00,423.00 956.00,423.00 Z
           M 946.00,465.00
           C 949.20,453.15 953.89,450.54 955.98,441.00
             957.80,432.74 955.66,430.87 960.78,429.00
             960.78,429.00 960.78,439.00 960.78,439.00
             960.78,439.00 953.01,456.00 953.01,456.00
             953.01,456.00 946.00,465.00 946.00,465.00 Z" />
</svg>
