<?xml version="1.0" encoding="UTF-8" standalone="no"?>
<!DOCTYPE svg PUBLIC "-//W3C//DTD SVG 20010904//EN"
              "http://www.w3.org/TR/2001/REC-SVG-20010904/DTD/svg10.dtd">

<svg xmlns="http://www.w3.org/2000/svg"
     width="5.61333in" height="8.16in"
     viewBox="0 0 1684 2448">
  <path id="h-2"
        fill="none" stroke="black" stroke-width="1"
        d="M 373.00,774.00
           C 375.75,762.30 380.97,760.55 381.00,743.00
             381.00,743.00 382.00,691.00 382.00,691.00
             382.00,691.00 383.00,669.00 383.00,669.00
             383.00,669.00 382.00,654.00 382.00,654.00
             382.00,654.00 382.00,634.00 382.00,634.00
             382.00,634.00 383.83,613.00 383.83,613.00
             384.23,608.81 383.66,606.49 384.68,602.00
             385.74,597.32 389.07,585.69 391.12,581.00
             395.49,571.03 408.88,552.93 415.53,544.00
             422.08,535.19 427.39,529.14 439.00,529.00
             439.00,529.00 458.00,529.00 458.00,529.00
             460.34,529.00 463.81,528.87 465.96,529.74
             472.25,532.30 472.61,541.30 471.53,547.00
             470.48,552.58 468.02,555.99 465.87,561.00
             465.87,561.00 462.54,570.00 462.54,570.00
             462.54,570.00 458.49,578.00 458.49,578.00
             458.49,578.00 453.42,590.00 453.42,590.00
             453.42,590.00 436.45,629.00 436.45,629.00
             436.45,629.00 431.94,642.00 431.94,642.00
             431.94,642.00 422.58,666.00 422.58,666.00
             422.58,666.00 413.08,691.00 413.08,691.00
             413.08,691.00 409.46,704.00 409.46,704.00
             406.02,713.85 400.56,722.81 395.75,732.00
             391.69,739.74 389.11,741.82 389.00,751.00
             388.85,764.00 388.31,778.19 390.00,791.00
             393.85,787.15 399.32,775.41 402.43,770.00
             409.16,758.26 418.12,745.02 427.17,735.00
             430.49,731.32 438.15,721.72 443.77,725.03
             445.66,726.13 446.40,727.96 446.89,730.00
             446.89,730.00 446.89,736.00 446.89,736.00
             446.89,736.00 445.00,772.00 445.00,772.00
             444.99,775.89 444.60,790.27 445.60,793.00
             446.40,795.19 447.56,796.29 449.00,798.00
             450.63,791.04 453.20,785.40 459.00,781.00
             457.41,787.98 454.88,792.48 452.42,799.00
             449.08,807.87 449.13,814.05 440.00,819.00
             440.00,819.00 437.32,810.00 437.32,810.00
             437.32,810.00 436.03,787.00 436.03,787.00
             436.03,787.00 437.17,768.00 437.17,768.00
             437.17,768.00 438.91,752.00 438.91,752.00
             438.91,752.00 438.91,745.00 438.91,745.00
             438.65,743.66 438.36,742.27 437.85,741.01
             436.75,723.88 421.35,747.29 417.88,752.00
             407.61,765.96 399.83,781.18 392.86,797.00
             389.34,804.99 389.97,814.46 382.00,819.00
             382.00,819.00 381.00,811.38 381.00,811.38
             381.00,811.38 380.62,764.00 380.62,764.00
             380.62,764.00 373.00,774.00 373.00,774.00 Z
           M 390.00,735.00
           C 394.65,727.86 401.17,715.04 403.92,707.00
             403.92,707.00 411.61,681.00 411.61,681.00
             411.61,681.00 421.43,656.00 421.43,656.00
             421.43,656.00 425.54,647.00 425.54,647.00
             425.54,647.00 428.46,638.00 428.46,638.00
             428.46,638.00 449.80,586.00 449.80,586.00
             449.80,586.00 462.32,554.00 462.32,554.00
             464.32,543.42 458.33,540.02 449.00,540.00
             449.00,540.00 435.00,540.00 435.00,540.00
             432.01,540.04 429.76,540.07 427.00,541.45
             417.20,546.36 404.57,568.76 400.04,579.00
             394.26,592.07 391.02,604.70 391.00,619.00
             391.00,619.00 390.00,644.00 390.00,644.00
             390.00,644.00 391.00,666.00 391.00,666.00
             391.00,666.00 390.00,680.00 390.00,680.00
             390.00,680.00 390.00,705.00 390.00,705.00
             389.91,712.74 387.26,728.10 390.00,735.00 Z
           M 383.50,764.75" />
</svg>
