<?xml version="1.0" encoding="UTF-8" standalone="no"?>
<!DOCTYPE svg PUBLIC "-//W3C//DTD SVG 20010904//EN"
              "http://www.w3.org/TR/2001/REC-SVG-20010904/DTD/svg10.dtd">

<svg xmlns="http://www.w3.org/2000/svg"
     width="5.74667in" height="8.4in"
     viewBox="0 0 1724 2520">
  <path id="I-1"
        fill="none" stroke="black" stroke-width="1"
        d="M 231.00,668.00
           C 231.11,666.19 231.10,664.76 231.72,663.00
             234.34,655.67 246.88,641.56 255.00,640.22
             260.06,639.39 267.48,641.75 273.00,641.96
             282.27,642.32 285.90,638.77 294.00,636.00
             293.42,639.10 292.83,641.27 291.03,643.96
             284.09,654.35 274.16,654.90 263.00,653.83
             259.55,653.50 252.10,652.12 249.00,653.01
             243.33,654.63 235.44,663.80 231.00,668.00 Z
           M 276.00,787.00
           C 277.49,776.52 279.47,779.13 282.19,772.00
             284.12,766.91 284.06,762.32 284.00,757.00
             284.00,757.00 283.08,746.00 283.08,746.00
             283.08,746.00 283.82,726.00 283.82,726.00
             282.51,707.53 282.33,688.39 284.72,670.00
             286.24,658.30 286.87,653.97 293.67,644.00
             297.23,638.79 298.53,636.75 305.00,636.00
             305.00,636.00 294.64,653.01 294.64,653.01
             291.67,662.28 292.11,680.93 292.03,691.00
             292.03,691.00 292.03,700.00 292.03,700.00
             292.03,700.00 292.03,717.00 292.03,717.00
             292.03,717.00 292.03,740.00 292.03,740.00
             292.03,740.00 293.00,750.00 293.00,750.00
             306.02,746.90 318.25,728.26 332.00,732.00
             325.59,740.64 324.04,736.16 316.00,740.06
             316.00,740.06 293.56,756.38 293.56,756.38
             290.22,760.00 290.41,763.72 288.90,768.00
             286.90,773.65 281.10,783.96 276.00,787.00 Z
           M 297.00,736.00
           C 296.08,724.65 293.77,707.48 299.00,697.00
             301.58,691.83 304.24,687.47 310.00,686.00
             310.00,686.00 306.64,694.00 306.64,694.00
             304.79,700.24 305.01,715.05 305.00,722.00
             304.99,728.68 304.21,733.63 297.00,736.00 Z
           M 234.00,790.00
           C 233.66,785.80 234.54,784.56 237.00,781.17
             238.48,779.13 241.01,776.07 243.09,774.72
             250.90,769.68 259.04,775.12 266.00,777.97
             266.00,777.97 273.00,780.00 273.00,780.00
             272.13,782.20 271.43,784.00 270.01,785.96
             261.92,797.11 252.24,785.04 245.00,784.51
             241.04,784.22 237.19,787.88 234.00,790.00 Z" />
</svg>
