<?xml version="1.0" encoding="UTF-8" standalone="no"?>
<!DOCTYPE svg PUBLIC "-//W3C//DTD SVG 20010904//EN"
              "http://www.w3.org/TR/2001/REC-SVG-20010904/DTD/svg10.dtd">

<svg xmlns="http://www.w3.org/2000/svg"
     width="5.61333in" height="8.16in"
     viewBox="0 0 1684 2448">
  <path id="i-2"
        fill="none" stroke="black" stroke-width="1"
        d="M 470.38,213.38
           C 471.48,214.91 472.27,214.53 472.56,216.38
             473.69,219.56 471.79,228.28 471.81,228.50
             468.38,237.19 463.13,245.49 459.81,247.75
             460.06,247.75 459.69,248.44 459.00,247.00
             459.05,247.60 472.42,225.11 470.38,213.38 Z
           M 419.00,338.00
           C 422.31,328.71 427.07,324.83 432.71,317.00
             436.11,312.27 439.40,307.41 443.43,303.17
             446.03,300.43 452.91,293.06 456.56,292.12
             461.06,296.31 468.44,300.38 472.62,305.00
             473.03,307.34 472.30,315.00 472.04,318.00
             472.04,318.00 472.04,329.00 472.04,329.00
             472.04,329.00 471.00,345.00 471.00,345.00
             470.97,351.46 467.91,366.27 475.21,370.18
             479.12,372.27 482.93,366.46 485.17,364.00
             491.49,357.05 502.90,345.27 511.00,341.00
             508.71,350.23 492.05,363.51 485.09,371.00
             480.25,376.20 476.61,382.61 471.00,387.00
             467.93,383.90 464.78,381.05 462.97,377.00
             459.16,368.51 461.15,359.75 461.25,351.06
             461.25,351.06 461.44,339.31 461.44,339.31
             461.44,339.31 463.00,313.12 463.00,313.12
             458.88,309.00 452.38,305.12 448.44,304.12
             439.74,309.26 426.98,333.22 419.00,338.00 Z" />
</svg>
