<?xml version="1.0" encoding="UTF-8" standalone="no"?>
<!DOCTYPE svg PUBLIC "-//W3C//DTD SVG 20010904//EN"
              "http://www.w3.org/TR/2001/REC-SVG-20010904/DTD/svg10.dtd">

<svg xmlns="http://www.w3.org/2000/svg"
     width="5.61333in" height="8.16in"
     viewBox="0 0 1684 2448">
  <path id="j-1"
        fill="none" stroke="black" stroke-width="1"
        d="M 554.00,683.00
           C 554.67,673.49 560.72,669.58 565.38,662.00
             569.92,654.61 569.05,652.68 571.00,645.00
             572.33,639.79 572.05,636.01 577.90,635.00
             577.90,635.00 577.90,646.00 577.90,646.00
             576.63,654.06 569.60,664.48 564.85,671.00
             561.47,675.63 558.99,680.05 554.00,683.00 Z
           M 512.00,774.00
           C 513.80,767.45 517.78,766.87 521.37,761.72
             521.37,761.72 536.67,742.83 536.67,742.83
             543.81,733.50 543.76,725.07 558.00,725.00
             569.57,724.94 568.54,726.64 581.00,725.00
             581.00,725.00 581.00,739.00 581.00,739.00
             581.00,739.00 580.09,751.00 580.09,751.00
             580.09,751.00 579.00,776.00 579.00,776.00
             579.00,776.00 578.04,788.00 578.04,788.00
             578.04,788.00 578.04,800.00 578.04,800.00
             584.96,796.19 597.55,774.49 609.00,772.00
             604.05,779.39 601.69,780.83 596.29,787.00
             596.29,787.00 586.12,800.00 586.12,800.00
             583.87,803.05 580.10,807.56 578.88,811.00
             577.87,813.82 578.00,817.04 578.00,820.00
             577.97,841.33 576.58,860.58 569.59,881.00
             569.59,881.00 566.55,888.00 566.55,888.00
             566.55,888.00 562.33,901.01 562.33,901.01
             556.17,912.56 542.91,919.83 530.00,920.00
             521.07,920.11 505.80,919.28 508.65,906.00
             510.41,897.81 521.00,880.98 526.07,873.91
             526.07,873.91 537.74,857.00 537.74,857.00
             537.74,857.00 552.24,837.83 552.24,837.83
             552.24,837.83 567.41,816.00 567.41,816.00
             568.30,813.48 567.97,806.98 568.00,804.00
             568.00,804.00 569.00,789.00 569.00,789.00
             569.00,789.00 571.00,737.00 571.00,737.00
             559.67,739.75 552.20,734.75 545.01,740.31
             545.01,740.31 524.14,764.91 524.14,764.91
             519.80,769.77 518.72,773.20 512.00,774.00 Z
           M 568.00,828.00
           C 568.00,828.00 566.00,828.00 566.00,828.00
             566.00,828.00 547.76,851.00 547.76,851.00
             547.76,851.00 536.95,867.00 536.95,867.00
             532.14,874.04 530.33,874.45 526.06,883.00
             523.90,887.31 517.12,897.36 518.64,901.96
             521.65,911.05 540.97,907.96 548.00,907.05
             551.19,906.63 554.91,906.06 557.06,903.36
             558.39,901.69 559.85,896.23 560.54,894.00
             563.66,883.88 563.94,886.05 565.17,875.00
             565.17,875.00 567.52,861.00 567.52,861.00
             567.52,861.00 569.59,853.00 569.59,853.00
             569.59,853.00 568.00,828.00 568.00,828.00 Z" />
</svg>
