<?xml version="1.0" encoding="UTF-8" standalone="no"?>
<!DOCTYPE svg PUBLIC "-//W3C//DTD SVG 20010904//EN"
              "http://www.w3.org/TR/2001/REC-SVG-20010904/DTD/svg10.dtd">

<svg xmlns="http://www.w3.org/2000/svg"
     width="5.74667in" height="8.4in"
     viewBox="0 0 1724 2520">
  <path id="J-1"
        fill="none" stroke="black" stroke-width="1"
        d="M 374.95,675.00
           C 374.80,672.44 374.19,669.47 374.95,667.00
             377.43,658.22 392.57,640.37 402.00,639.19
             404.93,638.83 415.28,640.05 418.00,641.13
             422.11,642.77 424.07,645.33 427.09,645.40
             430.97,645.48 436.38,640.90 440.00,639.00
             439.28,642.82 438.52,644.79 436.21,648.00
             434.66,650.16 433.07,651.82 430.99,653.47
             427.48,656.24 422.77,658.67 418.17,657.74
             415.33,657.17 412.87,654.72 410.00,653.41
             407.22,652.15 398.99,651.10 396.00,651.62
             386.06,653.34 385.72,661.00 383.15,664.95
             379.96,669.84 379.37,666.56 374.95,675.00 Z
           M 453.00,639.00
           C 450.17,647.80 445.73,646.66 443.52,657.00
             441.33,667.20 441.00,699.28 441.00,711.00
             441.00,711.00 441.00,747.00 441.00,747.00
             441.00,747.00 442.66,765.00 442.66,765.00
             442.66,765.00 442.00,775.00 442.00,775.00
             442.00,775.00 441.14,808.00 441.14,808.00
             441.14,808.00 441.14,826.00 441.14,826.00
             441.14,826.00 441.14,833.91 441.14,833.91
             440.61,836.21 438.75,837.44 437.41,840.09
             437.41,840.09 435.00,847.00 435.00,847.00
             432.99,853.07 428.68,868.01 425.47,872.71
             423.74,875.25 422.51,874.65 419.61,877.30
             408.55,887.42 406.51,892.26 390.00,890.28
             383.03,889.45 374.12,889.38 369.47,882.98
             366.17,877.88 367.31,870.54 369.47,865.00
             372.65,855.25 385.11,838.28 391.05,829.00
             391.05,829.00 401.05,813.00 401.05,813.00
             401.05,813.00 409.15,802.91 409.15,802.91
             409.15,802.91 417.98,791.18 417.98,791.18
             420.66,787.77 430.33,776.93 431.13,774.00
             432.55,770.87 431.01,761.36 431.13,757.00
             431.13,757.00 431.13,705.00 431.13,705.00
             431.13,705.00 432.63,667.00 432.63,667.00
             433.05,664.42 434.05,659.30 434.98,657.00
             437.67,650.33 445.80,640.54 453.00,639.00 Z
           M 459.00,695.00
           C 459.00,695.00 455.29,708.00 455.29,708.00
             455.29,708.00 453.42,729.00 453.42,729.00
             453.42,729.00 446.00,739.00 446.00,739.00
             444.63,734.17 445.16,732.72 444.74,728.00
             444.74,728.00 444.74,720.00 444.74,720.00
             445.21,709.24 449.66,700.77 459.00,695.00 Z
           M 462.00,748.00
           C 466.10,740.99 467.88,739.10 476.00,739.00
             476.00,739.00 462.00,748.00 462.00,748.00 Z
           M 458.00,752.00
           C 458.00,752.00 461.00,749.00 461.00,749.00
             461.00,749.00 458.00,752.00 458.00,752.00 Z
           M 456.00,752.00
           C 456.00,752.00 457.00,752.00 457.00,752.00
             457.00,752.00 456.00,753.00 456.00,753.00
             456.00,753.00 456.00,752.00 456.00,752.00 Z
           M 452.00,756.00
           C 451.45,759.43 449.80,760.20 447.00,762.00
             447.00,762.00 452.00,756.00 452.00,756.00 Z
           M 432.00,786.00
           C 424.94,788.09 418.29,798.12 413.93,803.96
             413.93,803.96 400.98,823.53 400.98,823.53
             400.98,823.53 386.15,845.83 386.15,845.83
             383.05,850.74 376.44,861.23 376.60,867.00
             376.87,876.79 391.61,878.96 399.00,879.00
             408.21,879.04 415.33,878.90 421.69,870.96
             425.83,865.79 424.92,858.09 426.49,852.00
             426.49,852.00 430.84,837.00 430.84,837.00
             430.84,837.00 430.84,817.00 430.84,817.00
             431.01,808.17 433.31,794.31 432.00,786.00 Z" />
</svg>
