<?xml version="1.0" encoding="UTF-8" standalone="no"?>
<!DOCTYPE svg PUBLIC "-//W3C//DTD SVG 20010904//EN"
              "http://www.w3.org/TR/2001/REC-SVG-20010904/DTD/svg10.dtd">

<svg xmlns="http://www.w3.org/2000/svg"
     width="5.74667in" height="8.4in"
     viewBox="0 0 1724 2520">
  <path id="K-1"
        fill="none" stroke="black" stroke-width="1"
        d="M 267.00,982.00
           C 267.00,982.00 269.00,982.00 269.00,982.00
             268.12,987.16 266.46,987.35 262.75,990.81
             256.06,997.08 254.07,1000.39 244.00,999.95
             238.92,999.73 234.17,996.96 229.00,997.96
             223.20,999.07 219.84,1004.17 215.00,1007.00
             214.81,1001.94 217.00,1000.67 220.01,996.93
             225.13,990.59 229.28,984.98 238.00,984.49
             243.03,984.22 248.98,987.40 251.58,987.91
             256.95,988.96 263.34,985.75 267.00,982.00 Z
           M 229.00,1090.00
           C 228.10,1082.94 234.61,1077.95 238.95,1073.00
             241.23,1070.39 253.39,1053.48 254.28,1051.00
             255.13,1048.60 255.00,1045.54 255.00,1043.00
             255.03,1023.47 253.12,1010.31 266.12,994.00
             269.94,989.20 272.04,986.03 278.00,984.00
             276.40,990.48 272.22,993.93 269.51,1000.00
             265.48,1009.04 263.66,1027.38 266.00,1037.00
             266.00,1037.00 282.08,1021.28 282.08,1021.28
             283.70,1019.86 286.45,1016.59 288.78,1017.34
             290.39,1017.85 291.95,1020.59 292.93,1021.92
             295.92,1025.94 299.46,1030.21 305.00,1029.83
             312.80,1029.29 310.65,1023.25 318.00,1022.00
             316.25,1029.34 311.29,1035.30 306.68,1041.12
             306.68,1041.12 285.42,1067.15 285.42,1067.15
             285.42,1067.15 276.87,1078.29 276.87,1078.29
             275.38,1080.04 273.02,1082.37 273.25,1084.90
             273.47,1087.36 276.90,1089.38 278.55,1091.19
             278.55,1091.19 292.00,1105.59 292.00,1105.59
             296.42,1109.61 300.52,1114.46 306.00,1117.00
             308.78,1108.02 314.10,1101.29 319.50,1093.83
             323.85,1087.82 325.40,1084.28 332.00,1080.00
             330.79,1088.67 325.43,1091.46 320.72,1098.00
             314.74,1106.32 312.79,1112.35 308.25,1121.00
             306.45,1124.44 303.20,1130.40 299.00,1131.13
             296.41,1131.58 293.13,1129.37 291.39,1127.62
             291.39,1127.62 286.07,1120.66 286.07,1120.66
             286.07,1120.66 274.51,1109.14 274.51,1109.14
             272.74,1107.26 265.82,1098.31 264.44,1105.08
             264.44,1105.08 264.44,1110.00 264.44,1110.00
             264.05,1118.15 260.31,1133.83 252.00,1137.00
             252.00,1137.00 255.00,1116.00 255.00,1116.00
             255.00,1116.00 254.00,1092.00 254.00,1092.00
             254.00,1092.00 254.00,1061.00 254.00,1061.00
             247.19,1068.69 237.74,1085.83 229.00,1090.00 Z
           M 297.00,1044.00
           C 293.87,1042.36 291.05,1041.07 288.44,1038.62
             286.69,1036.99 284.18,1033.27 281.83,1032.90
             278.23,1032.33 272.57,1038.50 270.44,1041.00
             268.37,1043.43 265.42,1046.95 264.51,1050.00
             263.77,1052.48 264.00,1059.09 264.00,1062.00
             264.00,1062.00 264.00,1085.00 264.00,1085.00
             270.04,1083.19 272.91,1077.96 276.41,1073.00
             276.41,1073.00 297.00,1044.00 297.00,1044.00 Z
           M 287.00,1090.00
           C 286.51,1086.54 284.92,1081.10 285.17,1078.00
             285.69,1071.46 292.67,1061.79 299.00,1060.00
             299.00,1060.00 296.21,1069.00 296.21,1069.00
             294.85,1078.04 298.84,1086.16 287.00,1090.00 Z" />
</svg>
