<?xml version="1.0" encoding="UTF-8" standalone="no"?>
<!DOCTYPE svg PUBLIC "-//W3C//DTD SVG 20010904//EN"
              "http://www.w3.org/TR/2001/REC-SVG-20010904/DTD/svg10.dtd">

<svg xmlns="http://www.w3.org/2000/svg"
     width="5.61333in" height="8.16in"
     viewBox="0 0 1684 2448">
  <path id="k-1"
        fill="none" stroke="black" stroke-width="1"
        d="M 661.00,797.00
           C 659.05,788.44 665.26,786.26 667.66,779.00
             671.41,767.66 669.02,762.76 669.04,752.00
             669.04,752.00 669.04,736.00 669.04,736.00
             669.04,736.00 669.92,728.00 669.92,728.00
             669.92,728.00 669.14,715.00 669.14,715.00
             669.14,715.00 669.14,687.00 669.14,687.00
             669.14,687.00 669.14,671.00 669.14,671.00
             669.14,671.00 670.00,657.00 670.00,657.00
             670.00,657.00 672.01,617.00 672.01,617.00
             671.91,609.00 673.34,596.32 676.47,589.00
             676.47,589.00 686.84,571.00 686.84,571.00
             690.61,564.05 692.45,559.73 697.72,553.28
             697.72,553.28 702.66,547.96 702.66,547.96
             708.30,541.14 702.72,544.75 715.09,533.89
             722.55,527.33 725.40,528.69 734.00,529.34
             734.00,529.34 744.00,529.34 744.00,529.34
             748.40,529.46 753.50,529.78 755.97,534.19
             757.97,537.74 755.70,541.59 754.59,545.00
             754.59,545.00 750.32,558.00 750.32,558.00
             750.32,558.00 746.07,566.00 746.07,566.00
             746.07,566.00 743.68,575.00 743.68,575.00
             743.68,575.00 738.21,589.00 738.21,589.00
             736.91,591.85 730.75,603.98 730.69,606.00
             730.62,608.20 732.40,611.76 733.10,614.00
             733.92,616.67 734.85,623.16 734.96,626.00
             735.14,630.56 734.56,631.90 734.17,636.00
             733.56,642.37 734.31,643.40 732.71,651.00
             732.71,651.00 728.67,664.00 728.67,664.00
             722.17,683.92 717.19,693.86 707.00,712.00
             707.00,712.00 703.25,719.00 703.25,719.00
             703.25,719.00 694.47,732.00 694.47,732.00
             694.47,732.00 690.57,740.00 690.57,740.00
             687.02,746.20 682.61,751.95 680.80,759.00
             679.94,762.32 680.50,763.52 680.09,766.00
             679.66,768.61 677.55,772.47 678.06,774.85
             678.89,778.68 682.55,776.53 690.00,779.00
             701.66,782.88 705.53,787.59 714.00,796.00
             715.83,797.81 719.79,802.54 722.67,801.66
             724.64,801.07 727.65,795.81 728.82,794.00
             732.45,788.38 737.59,778.53 743.00,775.00
             740.93,782.24 737.52,785.74 733.86,792.00
             733.86,792.00 723.79,810.00 723.79,810.00
             720.94,814.31 719.06,818.37 714.00,820.00
             713.74,815.04 711.22,813.95 707.90,810.45
             700.86,803.03 699.15,800.06 690.00,794.44
             687.54,792.93 681.31,789.60 678.60,791.78
             676.97,793.09 676.53,797.94 676.28,800.00
             675.32,807.97 676.87,817.71 667.00,821.00
             667.00,821.00 667.89,813.00 667.89,813.00
             667.89,813.00 667.89,807.00 667.89,807.00
             667.89,807.00 667.89,792.00 667.89,792.00
             667.89,792.00 661.00,797.00 661.00,797.00 Z
           M 680.00,717.00
           C 680.00,717.00 691.96,682.00 691.96,682.00
             691.96,682.00 696.58,674.00 696.58,674.00
             696.58,674.00 699.82,666.04 699.82,666.04
             699.82,666.04 708.48,651.96 708.48,651.96
             711.62,644.64 709.85,644.02 711.08,640.00
             711.08,640.00 716.51,628.00 716.51,628.00
             717.49,624.34 716.94,619.01 719.83,613.00
             723.28,605.82 726.41,605.19 728.79,601.74
             728.79,601.74 736.40,586.00 736.40,586.00
             738.59,580.23 739.11,573.98 740.37,568.00
             740.37,568.00 744.30,555.00 744.30,555.00
             744.98,551.55 746.91,546.35 744.30,543.31
             741.66,540.00 733.09,541.04 729.00,540.87
             725.80,540.96 720.62,539.99 718.00,540.87
             712.52,542.28 708.56,546.95 704.95,551.00
             700.70,555.76 692.70,565.09 690.69,571.00
             690.69,571.00 689.37,577.00 689.37,577.00
             688.05,581.42 685.29,584.43 683.67,592.00
             681.90,600.28 683.62,608.76 682.83,617.00
             682.83,617.00 681.17,628.00 681.17,628.00
             681.17,628.00 679.83,649.00 679.83,649.00
             679.83,649.00 678.09,661.00 678.09,661.00
             677.54,669.00 678.82,672.21 678.82,676.00
             678.82,676.00 678.00,688.00 678.00,688.00
             677.99,694.91 676.59,711.73 680.00,717.00 Z
           M 724.24,624.00
           C 724.24,624.00 722.00,624.00 722.00,624.00
             722.00,624.00 712.51,650.00 712.51,650.00
             712.51,650.00 702.62,666.00 702.62,666.00
             702.62,666.00 695.58,687.00 695.58,687.00
             695.58,687.00 684.06,713.00 684.06,713.00
             678.55,727.14 677.97,724.79 678.00,740.00
             678.01,743.97 677.56,745.69 680.00,749.00
             680.00,749.00 691.17,728.42 691.17,728.42
             691.17,728.42 699.45,716.00 699.45,716.00
             702.10,712.38 703.47,711.26 705.98,707.00
             709.69,700.70 710.78,695.39 713.46,689.00
             713.46,689.00 717.35,681.00 717.35,681.00
             717.35,681.00 720.72,670.00 720.72,670.00
             720.72,670.00 724.24,658.00 724.24,658.00
             726.79,647.72 726.92,634.10 724.24,624.00 Z
           M 664.00,754.00
           C 664.87,757.64 663.18,759.85 661.44,763.00
             661.44,763.00 652.00,779.00 652.00,779.00
             652.00,779.00 649.00,778.00 649.00,778.00
             652.02,770.32 658.68,760.29 664.00,754.00 Z" />
</svg>
