<?xml version="1.0" encoding="UTF-8" standalone="no"?>
<!DOCTYPE svg PUBLIC "-//W3C//DTD SVG 20010904//EN"
              "http://www.w3.org/TR/2001/REC-SVG-20010904/DTD/svg10.dtd">

<svg xmlns="http://www.w3.org/2000/svg"
     width="5.61333in" height="8.16in"
     viewBox="0 0 1684 2448">
  <path id="l-1"
        fill="none" stroke="black" stroke-width="1"
        d="M 788.00,782.00
           C 789.59,772.42 803.07,750.16 808.42,741.00
             812.53,733.96 816.86,729.46 817.00,721.00
             817.00,721.00 817.82,702.00 817.82,702.00
             817.82,702.00 817.01,691.00 817.01,691.00
             817.01,691.00 818.00,674.00 818.00,674.00
             818.00,674.00 818.00,658.00 818.00,658.00
             818.00,658.00 818.96,646.00 818.96,646.00
             818.96,646.00 818.96,632.00 818.96,632.00
             818.96,632.00 819.96,619.00 819.96,619.00
             821.09,593.19 824.64,568.90 844.04,549.91
             852.57,541.56 865.23,528.22 878.00,528.00
             883.37,527.91 894.88,526.84 898.40,531.28
             901.70,535.42 898.12,543.48 896.67,548.00
             896.67,548.00 891.01,562.00 891.01,562.00
             891.01,562.00 887.40,574.00 887.40,574.00
             887.40,574.00 879.58,595.00 879.58,595.00
             879.58,595.00 871.40,617.00 871.40,617.00
             871.40,617.00 864.66,633.00 864.66,633.00
             862.24,639.60 861.39,640.52 858.67,646.67
             858.67,646.67 847.00,674.00 847.00,674.00
             847.00,674.00 833.33,700.00 833.33,700.00
             827.65,711.74 828.02,712.39 827.92,726.00
             827.92,726.00 827.92,743.00 827.92,743.00
             827.29,748.69 825.82,754.24 826.04,760.00
             826.04,760.00 827.41,778.00 827.41,778.00
             827.27,783.61 824.53,786.13 827.41,793.00
             828.45,795.88 830.61,801.82 834.17,802.28
             837.22,802.67 845.51,795.79 848.00,793.72
             848.00,793.72 881.00,766.00 881.00,766.00
             881.00,766.00 882.00,767.00 882.00,767.00
             877.65,773.03 871.48,777.22 866.00,782.17
             866.00,782.17 842.17,804.42 842.17,804.42
             835.65,810.67 831.27,819.22 823.00,823.00
             823.00,823.00 821.63,816.00 821.63,816.00
             819.80,810.32 817.83,806.24 817.17,800.00
             817.17,800.00 818.00,784.00 818.00,784.00
             818.00,784.00 817.05,773.00 817.05,773.00
             817.05,773.00 817.05,758.00 817.05,758.00
             817.10,749.75 820.05,740.69 816.00,733.00
             816.00,733.00 804.36,755.00 804.36,755.00
             804.36,755.00 798.14,769.00 798.14,769.00
             795.93,773.99 793.51,780.20 788.00,782.00 Z
           M 829.00,697.00
           C 829.00,697.00 836.68,684.00 836.68,684.00
             836.68,684.00 858.20,635.00 858.20,635.00
             858.20,635.00 865.91,616.00 865.91,616.00
             865.91,616.00 870.39,602.00 870.39,602.00
             870.39,602.00 874.95,591.00 874.95,591.00
             874.95,591.00 877.51,582.00 877.51,582.00
             877.51,582.00 886.41,556.00 886.41,556.00
             887.25,553.60 889.69,545.34 889.06,543.15
             887.66,538.29 876.85,539.07 873.00,539.58
             870.16,539.95 866.58,539.88 864.00,540.68
             854.49,543.63 845.22,553.27 840.82,562.00
             834.55,574.41 832.03,586.21 830.96,600.00
             830.96,600.00 830.96,610.00 830.96,610.00
             830.96,610.00 829.00,640.00 829.00,640.00
             829.00,640.00 828.18,655.00 828.18,655.00
             828.18,655.00 828.18,663.00 828.18,663.00
             828.18,663.00 828.18,672.00 828.18,672.00
             827.99,677.76 827.17,692.38 829.00,697.00 Z" />
</svg>
