<?xml version="1.0" encoding="UTF-8" standalone="no"?>
<!DOCTYPE svg PUBLIC "-//W3C//DTD SVG 20010904//EN"
              "http://www.w3.org/TR/2001/REC-SVG-20010904/DTD/svg10.dtd">

<svg xmlns="http://www.w3.org/2000/svg"
     width="5.74667in" height="8.4in"
     viewBox="0 0 1724 2520">
  <path id="L-1"
        fill="none" stroke="black" stroke-width="1"
        d="M 393.00,1002.00
           C 388.86,1012.54 377.30,1024.95 381.70,1036.91
             383.62,1042.12 395.70,1049.08 400.48,1044.45
             402.67,1042.32 402.15,1039.69 402.22,1037.00
             402.40,1029.24 408.73,1008.65 412.59,1002.00
             415.07,997.73 421.76,989.68 425.32,986.26
             431.88,979.95 445.66,980.35 450.99,988.18
             453.35,991.64 454.14,999.81 453.96,1004.00
             453.64,1011.28 446.47,1025.33 442.03,1030.99
             442.03,1030.99 427.96,1045.13 427.96,1045.13
             419.62,1052.45 415.60,1051.32 412.93,1055.22
             411.15,1057.83 411.04,1061.94 411.00,1065.00
             411.00,1065.00 411.00,1095.00 411.00,1095.00
             411.00,1095.00 410.00,1112.00 410.00,1112.00
             419.06,1113.28 423.91,1117.07 432.00,1120.84
             435.12,1122.29 439.55,1124.92 443.00,1124.67
             447.60,1124.34 451.56,1120.27 454.38,1117.00
             461.25,1109.05 462.64,1105.39 467.95,1097.00
             467.95,1097.00 472.86,1090.00 472.86,1090.00
             475.52,1085.59 474.47,1082.93 479.00,1080.00
             477.88,1085.91 468.31,1104.57 464.80,1109.83
             464.80,1109.83 455.00,1123.09 455.00,1123.09
             450.73,1128.99 445.79,1135.69 438.00,1136.79
             429.78,1137.94 422.86,1132.61 416.00,1129.17
             416.00,1129.17 407.00,1125.00 407.00,1125.00
             404.84,1129.84 396.84,1142.68 391.99,1144.19
             389.60,1145.23 387.33,1144.56 385.00,1144.19
             385.00,1144.19 387.83,1125.09 387.83,1125.09
             387.83,1125.09 400.22,1107.96 400.22,1107.96
             400.22,1107.96 400.22,1090.00 400.22,1090.00
             400.22,1090.00 401.00,1077.00 401.00,1077.00
             401.00,1077.00 401.00,1056.00 401.00,1056.00
             397.89,1057.05 392.15,1059.05 389.00,1058.75
             386.50,1058.51 383.31,1057.00 380.83,1055.92
             361.64,1046.80 371.06,1025.95 380.83,1013.01
             384.25,1008.15 387.12,1004.02 393.00,1002.00 Z
           M 430.00,993.60
           C 426.79,994.48 424.13,995.68 421.97,998.38
             419.83,1001.04 419.01,1004.81 417.93,1008.00
             413.75,1020.32 413.15,1019.95 413.00,1033.00
             412.95,1037.00 410.48,1044.32 417.02,1043.43
             428.02,1041.92 438.87,1029.09 442.01,1019.00
             443.02,1015.77 443.06,1012.35 442.99,1009.00
             442.78,1000.06 439.87,993.96 430.00,993.60 Z
           M 396.00,1132.00
           C 396.00,1132.00 397.68,1129.00 397.68,1129.00
             401.16,1120.44 389.61,1123.52 393.06,1129.59
             393.81,1130.89 394.85,1131.26 396.00,1132.00 Z" />
</svg>
