<?xml version="1.0" encoding="UTF-8" standalone="no"?>
<!DOCTYPE svg PUBLIC "-//W3C//DTD SVG 20010904//EN"
              "http://www.w3.org/TR/2001/REC-SVG-20010904/DTD/svg10.dtd">

<svg xmlns="http://www.w3.org/2000/svg"
     width="32in" height="42.6667in"
     viewBox="0 0 3072 4096">
  <path id="L"
        fill="none" stroke="black" stroke-width="1"
        d="M 1921.00,1651.00
           C 1921.00,1651.00 1925.11,1636.00 1925.11,1636.00
             1925.11,1636.00 1930.89,1609.00 1930.89,1609.00
             1930.89,1609.00 1936.33,1589.00 1936.33,1589.00
             1936.33,1589.00 1939.00,1570.00 1939.00,1570.00
             1939.00,1570.00 1945.42,1539.00 1945.42,1539.00
             1945.42,1539.00 1950.72,1512.00 1950.72,1512.00
             1950.72,1512.00 1952.68,1479.00 1952.68,1479.00
             1952.68,1479.00 1952.00,1464.00 1952.00,1464.00
             1952.00,1464.00 1947.28,1426.00 1947.28,1426.00
             1947.28,1426.00 1944.57,1403.00 1944.57,1403.00
             1944.57,1403.00 1939.28,1374.00 1939.28,1374.00
             1939.28,1374.00 1937.83,1354.00 1937.83,1354.00
             1936.99,1345.33 1933.70,1335.61 1934.04,1327.00
             1934.48,1315.56 1939.20,1307.08 1939.00,1290.00
             1938.88,1279.88 1935.74,1252.75 1931.68,1244.00
             1927.44,1234.88 1919.24,1225.84 1913.81,1217.00
             1906.51,1205.11 1899.99,1191.83 1888.99,1182.81
             1875.89,1172.07 1870.40,1174.96 1857.00,1169.55
             1857.00,1169.55 1839.00,1160.32 1839.00,1160.32
             1830.27,1156.18 1810.57,1150.33 1801.00,1149.15
             1783.16,1146.97 1781.73,1153.82 1767.00,1154.00
             1758.49,1154.10 1753.49,1153.36 1745.00,1155.75
             1737.12,1157.96 1731.14,1162.06 1724.00,1165.63
             1716.60,1169.33 1710.53,1171.31 1704.30,1177.44
             1696.38,1185.24 1697.17,1193.08 1690.24,1201.96
             1688.24,1204.52 1683.73,1208.98 1680.11,1208.18
             1676.52,1207.38 1674.57,1200.15 1673.43,1197.00
             1666.94,1178.95 1676.06,1171.20 1691.00,1162.86
             1691.00,1162.86 1721.00,1148.14 1721.00,1148.14
             1752.06,1134.41 1762.75,1131.69 1796.00,1126.25
             1805.25,1124.73 1816.15,1121.11 1825.00,1121.00
             1842.95,1120.79 1853.95,1124.16 1871.00,1127.79
             1877.36,1129.14 1887.80,1130.40 1893.00,1133.85
             1898.31,1137.38 1900.86,1141.73 1905.09,1145.91
             1910.57,1151.32 1916.23,1153.13 1921.21,1160.00
             1924.68,1164.79 1927.30,1171.60 1929.77,1177.00
             1929.77,1177.00 1947.69,1224.00 1947.69,1224.00
             1947.69,1224.00 1966.42,1275.00 1966.42,1275.00
             1970.72,1286.29 1975.85,1294.41 1976.00,1307.00
             1976.00,1307.00 1976.00,1320.00 1976.00,1320.00
             1976.00,1320.00 1978.00,1342.00 1978.00,1342.00
             1978.00,1342.00 1977.00,1360.00 1977.00,1360.00
             1976.97,1379.17 1974.52,1398.05 1971.58,1417.00
             1971.58,1417.00 1965.00,1463.00 1965.00,1463.00
             1964.83,1477.85 1963.03,1494.32 1960.57,1509.00
             1960.57,1509.00 1957.29,1526.00 1957.29,1526.00
             1957.29,1526.00 1953.84,1561.00 1953.84,1561.00
             1950.13,1574.72 1941.30,1579.68 1938.29,1594.00
             1938.29,1594.00 1936.11,1606.00 1936.11,1606.00
             1936.11,1606.00 1927.09,1636.00 1927.09,1636.00
             1925.37,1641.23 1925.98,1647.87 1921.00,1651.00 Z
           M 1912.00,1687.00
           C 1912.00,1705.55 1909.88,1701.50 1906.24,1717.00
             1906.24,1717.00 1898.57,1751.00 1898.57,1751.00
             1898.57,1751.00 1891.03,1773.00 1891.03,1773.00
             1882.62,1799.44 1872.06,1825.30 1861.60,1851.00
             1847.05,1886.76 1831.69,1922.67 1812.14,1956.00
             1812.14,1956.00 1784.12,2001.00 1784.12,2001.00
             1779.01,2007.70 1765.55,2022.40 1763.13,2029.00
             1759.01,2040.25 1768.16,2045.91 1765.35,2055.00
             1762.22,2065.16 1747.16,2068.90 1743.72,2084.00
             1742.60,2088.67 1743.00,2092.36 1743.72,2097.00
             1747.16,2117.86 1755.29,2122.40 1761.58,2139.00
             1761.58,2139.00 1774.43,2180.00 1774.43,2180.00
             1774.43,2180.00 1784.69,2201.00 1784.69,2201.00
             1784.69,2201.00 1801.00,2243.00 1801.00,2243.00
             1804.68,2254.03 1807.98,2258.93 1808.00,2271.00
             1808.00,2271.00 1808.00,2279.00 1808.00,2279.00
             1808.12,2288.51 1810.68,2291.59 1813.09,2300.00
             1813.09,2300.00 1817.23,2316.00 1817.23,2316.00
             1817.23,2316.00 1825.98,2339.00 1825.98,2339.00
             1827.39,2345.41 1826.97,2350.54 1827.00,2357.00
             1827.09,2376.26 1840.45,2381.93 1845.79,2407.00
             1845.79,2407.00 1851.82,2445.00 1851.82,2445.00
             1852.91,2460.33 1842.51,2470.73 1843.04,2483.00
             1843.45,2492.52 1849.42,2496.31 1849.90,2506.00
             1850.22,2512.57 1847.01,2518.69 1845.67,2525.00
             1844.65,2529.79 1845.05,2535.09 1845.00,2540.00
             1844.83,2554.53 1838.77,2559.96 1836.51,2570.00
             1834.76,2577.77 1835.94,2586.34 1832.62,2593.00
             1827.88,2602.51 1820.20,2606.90 1816.03,2620.00
             1816.03,2620.00 1812.96,2632.00 1812.96,2632.00
             1812.96,2632.00 1806.15,2653.00 1806.15,2653.00
             1806.15,2653.00 1806.15,2671.00 1806.15,2671.00
             1805.96,2697.38 1790.57,2710.51 1779.31,2731.00
             1779.31,2731.00 1759.10,2774.00 1759.10,2774.00
             1759.10,2774.00 1746.32,2792.00 1746.32,2792.00
             1746.32,2792.00 1738.79,2811.00 1738.79,2811.00
             1733.90,2819.07 1726.68,2821.36 1722.04,2830.00
             1719.22,2835.25 1719.07,2841.08 1715.64,2847.00
             1712.71,2852.05 1706.39,2857.34 1702.28,2862.00
             1702.28,2862.00 1678.09,2887.00 1678.09,2887.00
             1678.09,2887.00 1665.91,2901.00 1665.91,2901.00
             1661.06,2906.20 1647.70,2917.02 1647.54,2924.00
             1647.43,2928.58 1651.66,2932.86 1655.00,2935.47
             1655.00,2935.47 1684.00,2950.31 1684.00,2950.31
             1684.00,2950.31 1702.00,2959.69 1702.00,2959.69
             1702.00,2959.69 1722.00,2968.26 1722.00,2968.26
             1722.00,2968.26 1759.00,2987.15 1759.00,2987.15
             1765.47,2989.93 1783.48,2998.71 1789.00,2999.50
             1795.54,3000.43 1798.39,2996.62 1808.00,2997.04
             1814.60,2997.33 1820.23,3000.87 1826.00,3003.75
             1826.00,3003.75 1844.00,3013.70 1844.00,3013.70
             1851.63,3018.61 1856.34,3022.70 1865.00,3026.69
             1865.00,3026.69 1880.00,3033.31 1880.00,3033.31
             1885.32,3036.21 1889.10,3039.38 1895.00,3041.74
             1895.00,3041.74 1924.00,3051.78 1924.00,3051.78
             1924.00,3051.78 1963.00,3072.07 1963.00,3072.07
             1963.00,3072.07 1994.00,3078.72 1994.00,3078.72
             1994.00,3078.72 2018.00,3089.54 2018.00,3089.54
             2018.00,3089.54 2039.00,3095.00 2039.00,3095.00
             2039.00,3095.00 2080.00,3105.42 2080.00,3105.42
             2087.55,3107.52 2099.34,3111.32 2107.00,3109.47
             2116.83,3107.10 2126.18,3093.25 2133.09,3086.01
             2140.72,3078.03 2147.27,3075.74 2154.00,3069.82
             2163.38,3061.57 2167.33,3054.24 2174.80,3045.00
             2178.30,3040.67 2185.62,3032.80 2190.00,3029.63
             2194.15,3026.63 2199.20,3024.88 2202.61,3020.90
             2207.30,3015.41 2207.01,3007.26 2216.46,2996.01
             2216.46,2996.01 2234.99,2979.00 2234.99,2979.00
             2234.99,2979.00 2247.09,2965.09 2247.09,2965.09
             2247.09,2965.09 2265.00,2949.91 2265.00,2949.91
             2265.00,2949.91 2293.00,2923.13 2293.00,2923.13
             2293.00,2923.13 2319.00,2901.92 2319.00,2901.92
             2342.11,2882.70 2343.67,2878.99 2371.00,2864.31
             2374.04,2862.68 2377.59,2860.92 2381.00,2860.33
             2392.33,2858.35 2401.74,2864.96 2400.90,2877.00
             2400.33,2885.26 2394.16,2892.01 2389.00,2898.00
             2374.06,2915.34 2370.63,2916.93 2354.00,2930.61
             2354.00,2930.61 2340.00,2943.71 2340.00,2943.71
             2340.00,2943.71 2322.00,2957.62 2322.00,2957.62
             2322.00,2957.62 2301.00,2975.92 2301.00,2975.92
             2301.00,2975.92 2278.00,2993.17 2278.00,2993.17
             2278.00,2993.17 2259.00,3010.01 2259.00,3010.01
             2259.00,3010.01 2246.00,3023.70 2246.00,3023.70
             2241.70,3027.40 2238.24,3029.67 2233.00,3031.79
             2227.73,3033.93 2222.28,3034.82 2218.21,3039.11
             2215.09,3042.39 2213.40,3047.08 2211.13,3051.00
             2208.90,3054.84 2203.22,3062.37 2200.33,3066.00
             2190.37,3078.54 2182.83,3080.24 2177.53,3087.01
             2172.93,3092.90 2172.44,3100.82 2165.91,3111.00
             2165.91,3111.00 2145.89,3137.00 2145.89,3137.00
             2145.89,3137.00 2120.58,3172.00 2120.58,3172.00
             2120.58,3172.00 2092.00,3205.00 2092.00,3205.00
             2092.00,3205.00 2076.00,3219.17 2076.00,3219.17
             2076.00,3219.17 2064.00,3230.91 2064.00,3230.91
             2064.00,3230.91 2051.00,3242.17 2051.00,3242.17
             2051.00,3242.17 2034.00,3259.00 2034.00,3259.00
             2034.00,3259.00 1982.00,3307.28 1982.00,3307.28
             1972.15,3315.96 1963.02,3326.03 1949.00,3327.69
             1942.77,3328.42 1937.24,3325.36 1934.08,3320.00
             1930.74,3314.32 1928.54,3298.93 1919.79,3289.02
             1910.19,3278.13 1902.12,3282.54 1885.00,3274.96
             1872.65,3269.49 1865.78,3260.67 1855.00,3255.13
             1848.40,3251.74 1842.00,3250.86 1835.00,3249.11
             1822.23,3245.91 1806.88,3242.24 1795.00,3236.82
             1795.00,3236.82 1777.00,3227.27 1777.00,3227.27
             1777.00,3227.27 1760.00,3219.74 1760.00,3219.74
             1760.00,3219.74 1734.00,3205.69 1734.00,3205.69
             1734.00,3205.69 1720.00,3197.26 1720.00,3197.26
             1720.00,3197.26 1703.00,3189.22 1703.00,3189.22
             1703.00,3189.22 1688.00,3180.89 1688.00,3180.89
             1688.00,3180.89 1662.00,3169.73 1662.00,3169.73
             1662.00,3169.73 1637.00,3155.26 1637.00,3155.26
             1637.00,3155.26 1617.00,3146.63 1617.00,3146.63
             1617.00,3146.63 1597.00,3135.94 1597.00,3135.94
             1597.00,3135.94 1580.00,3125.37 1580.00,3125.37
             1580.00,3125.37 1560.00,3119.53 1560.00,3119.53
             1560.00,3119.53 1541.00,3107.81 1541.00,3107.81
             1534.71,3104.66 1527.62,3103.87 1521.00,3101.64
             1514.05,3099.31 1501.55,3091.97 1495.00,3091.42
             1490.55,3091.04 1485.73,3093.84 1482.00,3096.01
             1482.00,3096.01 1461.00,3109.97 1461.00,3109.97
             1454.26,3114.58 1444.32,3119.00 1439.04,3124.09
             1432.91,3130.01 1425.53,3143.36 1416.99,3150.54
             1408.62,3157.56 1405.08,3157.48 1397.00,3162.04
             1397.00,3162.04 1383.00,3171.46 1383.00,3171.46
             1366.98,3181.65 1357.14,3179.84 1341.00,3183.89
             1341.00,3183.89 1319.00,3192.00 1319.00,3192.00
             1319.00,3192.00 1292.00,3199.86 1292.00,3199.86
             1292.00,3199.86 1262.00,3214.69 1262.00,3214.69
             1262.00,3214.69 1227.00,3229.26 1227.00,3229.26
             1216.15,3234.51 1205.85,3241.70 1194.00,3244.50
             1178.85,3248.08 1168.63,3243.53 1154.00,3241.27
             1154.00,3241.27 1124.00,3238.10 1124.00,3238.10
             1115.02,3235.91 1096.27,3228.58 1088.00,3224.22
             1088.00,3224.22 1068.00,3213.25 1068.00,3213.25
             1055.00,3206.74 1040.80,3202.55 1029.00,3193.84
             1024.26,3190.35 1022.11,3188.10 1018.00,3184.00
             1004.52,3170.54 1006.24,3170.33 997.58,3155.00
             993.67,3148.09 987.76,3139.11 985.06,3132.00
             980.62,3120.30 980.72,3111.18 981.49,3099.00
             982.32,3085.75 972.19,3081.00 975.80,3069.00
             978.64,3059.55 993.04,3045.24 999.96,3038.00
             1004.60,3033.15 1007.60,3028.82 1013.00,3024.32
             1013.00,3024.32 1032.00,3010.55 1032.00,3010.55
             1046.33,2999.15 1054.08,2992.77 1070.00,2983.06
             1070.00,2983.06 1094.00,2970.78 1094.00,2970.78
             1100.37,2966.39 1105.30,2960.33 1111.00,2955.17
             1111.00,2955.17 1161.00,2913.03 1161.00,2913.03
             1161.00,2913.03 1190.00,2898.57 1190.00,2898.57
             1190.00,2898.57 1217.00,2882.31 1217.00,2882.31
             1227.80,2876.49 1249.84,2868.06 1262.00,2868.04
             1266.77,2867.98 1277.56,2868.96 1281.00,2868.04
             1290.80,2865.53 1294.02,2859.08 1311.00,2859.00
             1311.00,2859.00 1332.00,2859.00 1332.00,2859.00
             1332.00,2859.00 1348.00,2858.00 1348.00,2858.00
             1392.04,2857.93 1399.87,2857.72 1444.00,2864.58
             1444.00,2864.58 1475.00,2870.15 1475.00,2870.15
             1486.28,2873.17 1495.50,2879.91 1506.00,2884.56
             1517.38,2889.61 1530.05,2892.42 1542.00,2895.86
             1542.00,2895.86 1564.00,2902.58 1564.00,2902.58
             1564.00,2902.58 1582.00,2907.14 1582.00,2907.14
             1593.47,2910.39 1602.79,2913.96 1612.83,2904.67
             1619.15,2898.83 1622.03,2889.57 1625.76,2882.00
             1631.27,2870.79 1640.76,2849.65 1644.09,2838.00
             1644.09,2838.00 1649.75,2811.00 1649.75,2811.00
             1649.75,2811.00 1656.33,2793.00 1656.33,2793.00
             1656.33,2793.00 1663.06,2772.00 1663.06,2772.00
             1663.06,2772.00 1671.84,2751.00 1671.84,2751.00
             1671.84,2751.00 1674.17,2725.00 1674.17,2725.00
             1674.17,2725.00 1677.00,2700.00 1677.00,2700.00
             1677.19,2683.27 1679.23,2681.95 1682.58,2667.00
             1682.58,2667.00 1685.66,2648.00 1685.66,2648.00
             1687.55,2639.27 1689.88,2634.55 1690.00,2625.00
             1690.25,2603.04 1687.24,2603.84 1683.45,2585.00
             1683.45,2585.00 1679.10,2553.00 1679.10,2553.00
             1679.10,2553.00 1671.75,2531.00 1671.75,2531.00
             1671.75,2531.00 1668.56,2509.00 1668.56,2509.00
             1668.56,2509.00 1665.04,2489.00 1665.04,2489.00
             1664.66,2479.29 1669.08,2473.50 1666.69,2465.00
             1664.10,2455.79 1649.72,2442.69 1644.09,2427.00
             1644.09,2427.00 1635.00,2388.00 1635.00,2388.00
             1629.46,2371.66 1622.40,2366.49 1616.86,2354.00
             1608.62,2335.40 1608.88,2325.73 1604.55,2315.00
             1604.55,2315.00 1586.43,2280.00 1586.43,2280.00
             1581.33,2267.99 1580.15,2257.83 1580.00,2245.00
             1579.82,2230.44 1571.43,2229.35 1563.33,2219.96
             1560.04,2216.16 1555.97,2207.76 1553.86,2203.00
             1550.39,2195.14 1548.05,2188.24 1545.71,2180.00
             1545.71,2180.00 1542.54,2169.00 1542.54,2169.00
             1542.54,2169.00 1529.60,2142.00 1529.60,2142.00
             1526.53,2134.40 1523.83,2120.60 1517.82,2115.80
             1511.13,2110.46 1501.92,2111.59 1494.00,2110.83
             1494.00,2110.83 1472.00,2110.00 1472.00,2110.00
             1472.00,2110.00 1437.00,2107.00 1437.00,2107.00
             1418.46,2106.78 1415.21,2101.68 1400.00,2097.76
             1400.00,2097.76 1377.00,2094.79 1377.00,2094.79
             1365.38,2092.32 1346.09,2085.32 1335.00,2080.57
             1335.00,2080.57 1300.00,2064.31 1300.00,2064.31
             1300.00,2064.31 1283.00,2056.73 1283.00,2056.73
             1283.00,2056.73 1260.00,2043.96 1260.00,2043.96
             1253.29,2041.63 1247.69,2044.15 1245.34,2051.00
             1244.35,2053.90 1244.35,2058.42 1242.41,2060.69
             1238.34,2065.43 1229.33,2061.62 1225.00,2059.12
             1208.97,2049.86 1218.14,2038.74 1207.67,2026.00
             1203.46,2020.87 1193.39,2011.36 1188.00,2007.24
             1188.00,2007.24 1179.00,2000.68 1179.00,2000.68
             1174.14,1996.62 1156.65,1978.94 1152.90,1974.00
             1142.32,1960.10 1137.02,1943.16 1128.69,1928.00
             1128.69,1928.00 1115.45,1908.00 1115.45,1908.00
             1115.45,1908.00 1099.42,1875.00 1099.42,1875.00
             1099.42,1875.00 1090.66,1846.00 1090.66,1846.00
             1090.66,1846.00 1083.69,1828.00 1083.69,1828.00
             1077.95,1811.54 1070.50,1785.05 1067.42,1768.00
             1067.42,1768.00 1064.00,1734.00 1064.00,1734.00
             1064.00,1734.00 1060.83,1686.00 1060.83,1686.00
             1060.83,1686.00 1059.00,1661.00 1059.00,1661.00
             1059.00,1661.00 1059.96,1649.00 1059.96,1649.00
             1059.96,1649.00 1059.96,1634.00 1059.96,1634.00
             1059.96,1634.00 1064.00,1590.00 1064.00,1590.00
             1064.00,1590.00 1063.32,1577.00 1063.32,1577.00
             1063.32,1577.00 1067.00,1546.00 1067.00,1546.00
             1067.00,1546.00 1067.00,1536.00 1067.00,1536.00
             1067.00,1536.00 1072.57,1500.00 1072.57,1500.00
             1072.57,1500.00 1078.39,1462.00 1078.39,1462.00
             1082.24,1441.47 1080.76,1431.78 1088.69,1410.00
             1088.69,1410.00 1094.69,1397.00 1094.69,1397.00
             1098.07,1389.64 1109.30,1361.87 1110.77,1355.00
             1111.09,1351.91 1110.99,1349.11 1110.77,1346.00
             1111.01,1341.19 1110.84,1337.22 1113.85,1333.10
             1116.89,1328.94 1121.97,1327.30 1126.00,1324.37
             1131.79,1320.15 1136.39,1313.28 1136.95,1306.00
             1137.26,1300.89 1134.87,1294.28 1136.95,1291.75
             1139.57,1288.68 1146.07,1292.43 1152.00,1292.42
             1159.56,1292.42 1168.21,1287.52 1174.00,1282.98
             1191.51,1269.26 1198.40,1245.68 1211.04,1228.00
             1220.27,1215.09 1233.45,1207.54 1246.00,1198.57
             1246.00,1198.57 1267.00,1182.11 1267.00,1182.11
             1269.39,1180.56 1274.54,1177.69 1276.43,1181.43
             1277.95,1184.45 1275.90,1190.08 1274.81,1193.00
             1274.81,1193.00 1262.25,1220.00 1262.25,1220.00
             1262.25,1220.00 1247.22,1258.00 1247.22,1258.00
             1247.22,1258.00 1233.60,1284.00 1233.60,1284.00
             1233.60,1284.00 1221.69,1310.00 1221.69,1310.00
             1221.69,1310.00 1216.06,1322.00 1216.06,1322.00
             1216.06,1322.00 1208.25,1353.00 1208.25,1353.00
             1208.25,1353.00 1196.34,1383.00 1196.34,1383.00
             1196.34,1383.00 1190.57,1405.00 1190.57,1405.00
             1190.57,1405.00 1183.80,1428.00 1183.80,1428.00
             1183.80,1428.00 1180.57,1453.00 1180.57,1453.00
             1178.43,1465.73 1173.15,1482.70 1173.00,1495.00
             1172.67,1523.79 1170.72,1525.37 1166.44,1552.00
             1166.44,1552.00 1161.55,1587.00 1161.55,1587.00
             1161.55,1587.00 1157.34,1601.00 1157.34,1601.00
             1153.42,1613.29 1151.06,1626.07 1151.00,1639.00
             1151.00,1639.00 1151.00,1688.00 1151.00,1688.00
             1151.09,1695.23 1153.26,1705.70 1154.58,1713.00
             1154.58,1713.00 1159.72,1740.00 1159.72,1740.00
             1162.63,1749.68 1168.33,1759.87 1172.74,1769.00
             1172.74,1769.00 1183.31,1792.00 1183.31,1792.00
             1183.31,1792.00 1201.73,1820.00 1201.73,1820.00
             1201.73,1820.00 1208.87,1842.00 1208.87,1842.00
             1208.87,1842.00 1228.69,1878.00 1228.69,1878.00
             1228.69,1878.00 1237.32,1907.00 1237.32,1907.00
             1237.32,1907.00 1247.57,1924.00 1247.57,1924.00
             1247.57,1924.00 1259.57,1947.00 1259.57,1947.00
             1265.60,1955.61 1289.45,1979.53 1298.00,1987.16
             1298.00,1987.16 1319.00,2005.90 1319.00,2005.90
             1329.90,2013.13 1333.10,2010.18 1344.00,2010.18
             1344.00,2010.18 1355.00,2011.17 1355.00,2011.17
             1369.30,2012.60 1375.80,2015.44 1389.00,2019.66
             1389.00,2019.66 1400.00,2023.07 1400.00,2023.07
             1416.17,2029.34 1418.99,2041.33 1430.09,2051.82
             1437.27,2058.60 1450.23,2062.58 1460.00,2062.96
             1462.56,2063.06 1465.55,2062.97 1468.00,2062.20
             1486.10,2056.52 1474.92,2034.82 1469.22,2024.00
             1469.22,2024.00 1459.94,2007.00 1459.94,2007.00
             1459.94,2007.00 1447.26,1987.00 1447.26,1987.00
             1447.26,1987.00 1431.55,1944.00 1431.55,1944.00
             1431.55,1944.00 1418.69,1914.00 1418.69,1914.00
             1418.69,1914.00 1408.44,1891.00 1408.44,1891.00
             1408.44,1891.00 1404.85,1878.00 1404.85,1878.00
             1402.20,1868.58 1399.82,1866.63 1396.44,1859.00
             1393.27,1851.86 1390.87,1843.56 1388.88,1836.00
             1384.59,1819.68 1382.77,1802.77 1381.00,1786.00
             1381.00,1786.00 1381.00,1775.00 1381.00,1775.00
             1381.00,1775.00 1377.00,1744.00 1377.00,1744.00
             1377.00,1744.00 1377.00,1718.00 1377.00,1718.00
             1377.00,1718.00 1378.83,1700.00 1378.83,1700.00
             1378.83,1700.00 1380.28,1682.00 1380.28,1682.00
             1380.28,1682.00 1383.71,1659.00 1383.71,1659.00
             1384.96,1648.92 1384.51,1638.92 1387.15,1629.00
             1387.15,1629.00 1394.00,1610.00 1394.00,1610.00
             1394.00,1610.00 1400.87,1589.00 1400.87,1589.00
             1400.87,1589.00 1411.69,1567.00 1411.69,1567.00
             1411.69,1567.00 1418.26,1552.00 1418.26,1552.00
             1418.26,1552.00 1452.69,1489.00 1452.69,1489.00
             1452.69,1489.00 1471.97,1464.00 1471.97,1464.00
             1471.97,1464.00 1486.09,1437.00 1486.09,1437.00
             1486.09,1437.00 1497.35,1422.00 1497.35,1422.00
             1497.35,1422.00 1508.46,1407.00 1508.46,1407.00
             1508.46,1407.00 1521.56,1392.00 1521.56,1392.00
             1521.56,1392.00 1549.57,1357.00 1549.57,1357.00
             1549.57,1357.00 1563.05,1335.00 1563.05,1335.00
             1563.05,1335.00 1581.34,1308.00 1581.34,1308.00
             1587.46,1298.64 1597.66,1280.75 1609.98,1279.70
             1618.36,1278.99 1615.25,1287.67 1613.22,1292.00
             1613.22,1292.00 1601.31,1314.00 1601.31,1314.00
             1601.31,1314.00 1592.22,1336.00 1592.22,1336.00
             1584.92,1349.74 1568.94,1358.69 1560.45,1373.00
             1555.67,1381.06 1548.00,1405.01 1544.67,1415.00
             1544.67,1415.00 1526.44,1479.00 1526.44,1479.00
             1524.76,1489.65 1525.12,1498.41 1525.00,1509.00
             1525.00,1509.00 1523.00,1531.00 1523.00,1531.00
             1523.00,1531.00 1523.00,1554.00 1523.00,1554.00
             1523.00,1554.00 1526.00,1587.00 1526.00,1587.00
             1526.12,1597.68 1527.17,1615.78 1529.42,1626.00
             1531.87,1637.10 1536.61,1647.39 1540.58,1658.00
             1540.58,1658.00 1548.42,1681.00 1548.42,1681.00
             1548.42,1681.00 1558.60,1705.00 1558.60,1705.00
             1558.60,1705.00 1567.87,1734.00 1567.87,1734.00
             1567.87,1734.00 1574.74,1747.00 1574.74,1747.00
             1574.74,1747.00 1580.48,1760.00 1580.48,1760.00
             1580.48,1760.00 1587.74,1774.00 1587.74,1774.00
             1587.74,1774.00 1594.26,1789.00 1594.26,1789.00
             1594.26,1789.00 1605.69,1811.00 1605.69,1811.00
             1605.69,1811.00 1612.37,1827.00 1612.37,1827.00
             1612.37,1827.00 1621.74,1843.00 1621.74,1843.00
             1621.74,1843.00 1629.81,1865.00 1629.81,1865.00
             1629.81,1865.00 1637.94,1878.00 1637.94,1878.00
             1637.94,1878.00 1653.75,1906.00 1653.75,1906.00
             1653.75,1906.00 1662.20,1922.00 1662.20,1922.00
             1662.20,1922.00 1675.68,1944.00 1675.68,1944.00
             1675.68,1944.00 1687.86,1972.00 1687.86,1972.00
             1687.86,1972.00 1693.19,1982.00 1693.19,1982.00
             1693.19,1982.00 1698.80,1995.00 1698.80,1995.00
             1702.54,2004.26 1711.64,2024.14 1722.00,2026.58
             1730.59,2028.60 1738.61,2019.79 1743.57,2014.00
             1757.98,1997.17 1771.39,1979.42 1783.67,1961.00
             1801.31,1934.53 1816.05,1907.40 1830.25,1879.00
             1830.25,1879.00 1843.69,1852.00 1843.69,1852.00
             1843.69,1852.00 1854.86,1826.00 1854.86,1826.00
             1854.86,1826.00 1865.99,1801.00 1865.99,1801.00
             1865.99,1801.00 1873.05,1781.00 1873.05,1781.00
             1873.05,1781.00 1881.55,1760.00 1881.55,1760.00
             1881.55,1760.00 1891.20,1733.00 1891.20,1733.00
             1891.20,1733.00 1901.12,1708.00 1901.12,1708.00
             1902.88,1701.34 1904.78,1689.44 1912.00,1687.00 Z
           M 1665.00,1228.00
           C 1663.72,1240.05 1650.84,1253.17 1642.00,1260.70
             1639.42,1262.90 1631.26,1269.45 1628.02,1265.40
             1625.15,1261.80 1629.62,1254.02 1631.79,1251.00
             1636.21,1244.82 1652.83,1231.09 1660.00,1228.70
             1661.79,1228.10 1663.17,1228.11 1665.00,1228.00 Z
           M 1241.00,2999.33
           C 1233.28,3001.16 1226.38,3005.30 1218.00,3004.68
             1218.00,3004.68 1190.00,3004.00 1190.00,3004.00
             1190.00,3004.00 1175.00,3003.00 1175.00,3003.00
             1152.36,3002.75 1137.90,3009.82 1123.00,3010.00
             1118.33,3010.05 1113.49,3009.57 1109.00,3011.11
             1100.27,3014.10 1100.62,3018.46 1083.00,3024.33
             1063.07,3030.98 1063.70,3031.44 1047.00,3043.58
             1040.49,3048.31 1034.34,3053.06 1035.11,3062.00
             1035.71,3069.07 1041.07,3072.02 1040.02,3078.00
             1038.56,3086.29 1028.96,3088.48 1031.33,3102.00
             1032.93,3111.19 1042.98,3123.89 1048.92,3131.00
             1064.20,3149.30 1091.08,3165.90 1113.00,3175.28
             1122.10,3179.17 1136.14,3183.88 1146.00,3184.00
             1163.07,3184.19 1163.11,3179.15 1173.00,3178.20
             1178.74,3177.64 1186.09,3180.83 1193.00,3180.99
             1193.00,3180.99 1218.00,3178.28 1218.00,3178.28
             1234.20,3176.28 1242.47,3176.02 1258.00,3169.14
             1270.05,3163.80 1273.39,3158.37 1283.00,3154.45
             1283.00,3154.45 1317.00,3145.66 1317.00,3145.66
             1317.00,3145.66 1367.00,3125.05 1367.00,3125.05
             1374.03,3122.51 1383.64,3119.78 1391.00,3118.59
             1397.26,3117.58 1405.68,3116.96 1410.91,3113.15
             1418.82,3107.38 1415.88,3097.93 1425.02,3091.70
             1433.83,3085.69 1443.49,3092.83 1447.69,3084.94
             1451.87,3077.08 1445.61,3065.11 1442.31,3058.00
             1440.34,3053.77 1438.89,3049.60 1434.00,3047.93
             1430.98,3046.89 1421.13,3049.11 1416.00,3048.99
             1400.19,3048.60 1388.70,3036.39 1377.00,3032.09
             1377.00,3032.09 1362.00,3028.12 1362.00,3028.12
             1362.00,3028.12 1348.00,3023.88 1348.00,3023.88
             1348.00,3023.88 1333.00,3020.52 1333.00,3020.52
             1322.54,3017.84 1320.77,3015.02 1309.00,3015.00
             1298.35,3014.98 1292.51,3014.61 1282.00,3012.12
             1275.64,3010.61 1267.90,3008.27 1262.00,3005.51
             1253.05,3001.32 1251.77,2998.14 1241.00,2999.33 Z
           M 1074.11,3040.74
           C 1085.54,3038.16 1086.25,3050.37 1078.96,3053.09
             1071.07,3056.04 1066.18,3045.76 1074.11,3040.74 Z" />
</svg>
