<?xml version="1.0" encoding="UTF-8" standalone="no"?>
<!DOCTYPE svg PUBLIC "-//W3C//DTD SVG 20010904//EN"
              "http://www.w3.org/TR/2001/REC-SVG-20010904/DTD/svg10.dtd">

<svg xmlns="http://www.w3.org/2000/svg"
     width="5.74667in" height="8.4in"
     viewBox="0 0 1724 2520">
  <path id="M-1"
        fill="none" stroke="black" stroke-width="1"
        d="M 964.00,1018.00
           C 973.18,1011.34 972.90,1003.50 979.01,1001.32
             984.04,999.53 986.10,1006.60 994.00,1009.92
             999.28,1012.14 1001.98,1009.78 1008.00,1011.00
             1004.38,1020.46 1000.97,1020.41 997.04,1024.55
             997.04,1024.55 987.41,1037.00 987.41,1037.00
             978.73,1050.25 977.00,1079.89 980.87,1095.00
             982.30,1100.55 987.04,1111.13 992.00,1114.00
             992.00,1114.00 1004.68,1091.00 1004.68,1091.00
             1007.35,1085.46 1008.53,1080.13 1015.00,1078.00
             1013.81,1085.13 1012.57,1083.62 1009.67,1089.04
             1009.67,1089.04 1006.11,1097.00 1006.11,1097.00
             1006.11,1097.00 997.83,1113.00 997.83,1113.00
             996.00,1117.63 997.28,1118.78 996.24,1122.00
             994.67,1126.89 989.56,1133.73 985.00,1136.00
             984.94,1134.35 985.00,1132.67 984.42,1131.09
             983.61,1128.91 977.20,1122.11 973.72,1114.00
             969.13,1103.31 968.98,1091.41 969.00,1080.00
             969.02,1069.54 972.54,1052.23 977.40,1043.00
             977.40,1043.00 987.99,1026.02 987.99,1026.02
             988.28,1023.15 980.48,1018.99 978.09,1017.00
             977.21,1016.27 975.86,1014.90 974.68,1014.73
             972.82,1014.46 971.43,1016.79 970.49,1018.05
             967.50,1022.05 963.30,1026.81 963.61,1032.00
             963.61,1032.00 963.61,1037.00 963.61,1037.00
             963.61,1037.00 963.04,1044.00 963.04,1044.00
             963.04,1044.00 963.04,1058.00 963.04,1058.00
             963.04,1058.00 960.96,1078.00 960.96,1078.00
             960.96,1078.00 960.96,1089.00 960.96,1089.00
             960.96,1089.00 960.16,1097.00 960.16,1097.00
             960.16,1097.00 960.16,1105.00 960.16,1105.00
             960.11,1109.07 959.70,1113.97 960.16,1118.00
             960.51,1120.77 962.01,1124.29 961.35,1126.83
             960.47,1130.22 954.45,1136.66 951.51,1131.68
             949.71,1128.63 949.96,1119.72 950.00,1116.00
             950.00,1116.00 951.00,1091.00 951.00,1091.00
             951.00,1091.00 952.96,1069.00 952.96,1069.00
             952.96,1069.00 952.96,1059.00 952.96,1059.00
             952.96,1059.00 954.00,1044.00 954.00,1044.00
             954.00,1044.00 953.32,1034.00 953.32,1034.00
             953.06,1030.55 953.73,1029.18 953.91,1026.00
             954.08,1022.88 953.73,1020.99 953.00,1018.00
             947.21,1026.60 943.02,1028.42 943.00,1039.00
             942.96,1060.05 942.58,1078.51 936.43,1099.00
             934.68,1104.84 932.41,1113.43 929.88,1118.72
             925.52,1127.86 916.31,1145.15 916.00,1155.00
             908.83,1158.44 912.31,1160.15 908.42,1164.79
             905.75,1167.98 898.31,1172.34 894.19,1169.82
             889.89,1167.19 893.94,1159.67 897.33,1157.95
             900.26,1156.45 902.67,1158.16 905.61,1155.60
             909.77,1151.98 910.42,1144.71 912.92,1140.00
             926.93,1113.63 929.43,1101.21 933.23,1072.00
             934.82,1061.79 933.42,1060.80 933.23,1052.00
             932.77,1045.75 932.91,1038.09 931.22,1032.00
             930.30,1028.72 927.25,1021.45 923.83,1020.32
             922.00,1019.71 918.07,1021.47 916.00,1022.00
             917.04,1018.85 917.67,1017.69 919.68,1015.00
             921.35,1012.76 925.41,1007.42 928.09,1006.73
             935.86,1004.74 940.76,1020.55 942.00,1026.00
             942.00,1026.00 944.00,1026.00 944.00,1026.00
             946.12,1021.20 954.57,1006.87 958.51,1003.68
             960.32,1002.22 961.89,1001.78 964.00,1001.00
             964.00,1001.00 964.00,1018.00 964.00,1018.00 Z" />
</svg>
