<?xml version="1.0" encoding="UTF-8" standalone="no"?>
<!DOCTYPE svg PUBLIC "-//W3C//DTD SVG 20010904//EN"
              "http://www.w3.org/TR/2001/REC-SVG-20010904/DTD/svg10.dtd">

<svg xmlns="http://www.w3.org/2000/svg"
     width="5.61333in" height="8.16in"
     viewBox="0 0 1684 2448">
  <path id="m-1"
        fill="none" stroke="black" stroke-width="1"
        d="M 288.50,388.00
           C 290.65,384.63 291.04,328.45 290.00,340.50
             290.79,338.54 286.06,338.75 283.75,344.50
             280.63,343.39 287.58,333.65 289.25,334.25
             290.03,339.99 291.85,314.56 290.50,314.75
             285.20,314.93 274.39,342.27 275.00,342.25
             275.00,342.25 273.25,341.25 273.25,341.25
             271.67,341.63 291.38,292.80 304.00,289.75
             299.33,296.18 300.02,318.30 301.25,316.50
             296.11,327.11 327.66,290.48 328.25,289.25
             330.77,286.00 329.38,316.98 329.25,319.00
             329.25,319.00 356.75,287.75 356.75,287.75
             356.25,295.50 354.91,384.35 357.50,370.75
             359.45,373.82 372.75,333.14 372.50,332.75
             372.50,332.75 375.00,333.75 375.00,333.75
             375.13,333.70 358.95,385.04 351.00,388.00
             351.00,388.00 346.00,386.00 346.00,386.00
             345.22,389.29 342.62,320.44 345.75,307.25
             344.35,303.06 328.65,322.94 328.75,323.25
             326.00,334.00 326.59,380.59 327.25,378.50
             327.25,378.50 317.75,386.75 317.75,386.75
             316.97,385.82 315.83,340.72 319.00,344.50
             319.03,344.55 319.57,321.30 319.00,320.25
             319.00,320.25 319.00,308.50 319.00,308.50
             320.31,303.58 301.59,321.43 301.50,321.75
             301.50,321.75 299.50,379.50 299.50,379.50" />
</svg>
