<?xml version="1.0" encoding="UTF-8" standalone="no"?>
<!DOCTYPE svg PUBLIC "-//W3C//DTD SVG 20010904//EN"
              "http://www.w3.org/TR/2001/REC-SVG-20010904/DTD/svg10.dtd">

<svg xmlns="http://www.w3.org/2000/svg"
     width="5.74667in" height="8.4in"
     viewBox="0 0 1724 2520">
  <path id="N-1"
        fill="none" stroke="black" stroke-width="1"
        d="M 1094.00,1023.00
           C 1103.40,1015.67 1101.86,1011.46 1107.43,1003.09
             1108.96,1000.78 1111.48,996.94 1114.75,998.08
             1114.75,998.08 1124.00,1004.87 1124.00,1004.87
             1131.04,1008.61 1137.25,1005.25 1144.00,1003.00
             1142.88,1011.08 1134.77,1019.78 1130.98,1027.00
             1125.56,1037.35 1121.02,1054.34 1121.00,1066.00
             1121.00,1066.00 1121.53,1100.00 1121.53,1100.00
             1122.23,1103.06 1123.51,1105.26 1124.90,1108.00
             1126.43,1111.03 1129.21,1117.84 1132.97,1118.38
             1136.07,1118.83 1139.03,1113.31 1140.26,1111.00
             1140.26,1111.00 1145.87,1096.00 1145.87,1096.00
             1149.25,1088.01 1149.70,1090.39 1153.00,1080.00
             1153.00,1080.00 1155.00,1080.00 1155.00,1080.00
             1156.24,1086.39 1154.58,1087.24 1152.58,1093.00
             1149.39,1102.18 1144.89,1111.08 1139.22,1119.00
             1135.67,1123.96 1131.61,1127.38 1129.00,1133.00
             1127.18,1132.85 1125.85,1132.91 1124.17,1131.98
             1115.58,1127.20 1111.01,1110.17 1111.00,1101.00
             1111.00,1101.00 1111.00,1078.00 1111.00,1078.00
             1111.09,1070.55 1112.23,1070.55 1112.83,1065.00
             1113.26,1061.02 1112.67,1059.41 1113.75,1055.00
             1117.76,1038.54 1126.16,1025.31 1128.00,1019.00
             1116.72,1018.99 1117.27,1018.12 1108.00,1012.00
             1108.00,1012.00 1095.72,1031.00 1095.72,1031.00
             1095.72,1031.00 1094.83,1043.00 1094.83,1043.00
             1094.83,1043.00 1091.72,1063.00 1091.72,1063.00
             1091.72,1063.00 1082.57,1096.00 1082.57,1096.00
             1082.57,1096.00 1076.32,1110.83 1076.32,1110.83
             1076.32,1110.83 1071.88,1118.95 1071.88,1118.95
             1071.88,1118.95 1075.00,1125.00 1075.00,1125.00
             1075.00,1125.00 1068.00,1123.00 1068.00,1123.00
             1066.23,1126.20 1061.45,1131.27 1057.31,1128.94
             1057.31,1128.94 1051.00,1121.00 1051.00,1121.00
             1055.31,1116.41 1056.84,1106.67 1065.00,1104.00
             1065.00,1104.00 1064.00,1116.00 1064.00,1116.00
             1064.00,1116.00 1066.00,1116.00 1066.00,1116.00
             1066.00,1116.00 1072.10,1106.99 1072.10,1106.99
             1075.13,1100.99 1075.49,1096.94 1077.35,1091.00
             1077.35,1091.00 1082.63,1073.00 1082.63,1073.00
             1082.63,1073.00 1085.00,1047.00 1085.00,1047.00
             1085.01,1039.78 1083.94,1025.55 1081.44,1019.00
             1080.26,1015.91 1077.71,1011.75 1074.00,1011.59
             1068.68,1011.35 1066.11,1017.99 1063.72,1021.58
             1061.75,1024.52 1060.83,1025.55 1059.46,1029.00
             1056.65,1036.07 1053.95,1052.12 1058.09,1058.96
             1059.76,1061.72 1061.30,1062.51 1064.00,1064.00
             1064.00,1064.00 1063.00,1072.00 1063.00,1072.00
             1060.71,1072.56 1055.91,1074.52 1054.02,1074.14
             1046.02,1072.55 1045.93,1060.02 1046.72,1054.00
             1049.17,1035.20 1055.58,1023.16 1066.92,1008.00
             1072.15,1001.02 1080.97,993.07 1088.03,1003.09
             1089.15,1004.68 1090.26,1007.15 1090.90,1009.00
             1090.90,1009.00 1094.00,1023.00 1094.00,1023.00 Z
           M 1104.00,1079.00
           C 1104.00,1079.00 1105.00,1079.00 1105.00,1079.00
             1105.00,1079.00 1104.00,1080.00 1104.00,1080.00
             1104.00,1080.00 1104.00,1079.00 1104.00,1079.00 Z" />
</svg>
