<?xml version="1.0" encoding="UTF-8" standalone="no"?>
<!DOCTYPE svg PUBLIC "-//W3C//DTD SVG 20010904//EN"
              "http://www.w3.org/TR/2001/REC-SVG-20010904/DTD/svg10.dtd">

<svg xmlns="http://www.w3.org/2000/svg"
     width="5.61333in" height="8.16in"
     viewBox="0 0 1684 2448">
  <path id="n-1"
        fill="none" stroke="black" stroke-width="1"
        d="M 1134.00,732.00
           C 1135.56,729.67 1140.02,722.12 1142.37,721.15
             1146.82,719.33 1151.02,730.59 1151.08,732.04
             1151.22,735.50 1148.18,736.53 1147.17,747.00
             1146.10,758.01 1147.79,767.30 1148.83,778.00
             1149.49,784.76 1148.11,792.54 1156.00,795.00
             1157.01,790.75 1163.39,778.29 1166.39,775.29
             1167.78,773.90 1168.37,773.81 1170.00,773.00
             1169.04,778.77 1164.97,785.40 1162.41,791.00
             1162.41,791.00 1154.75,806.00 1154.75,806.00
             1153.65,808.15 1152.24,811.32 1149.80,812.21
             1146.89,813.26 1145.14,811.22 1143.82,808.94
             1141.63,805.12 1139.87,797.44 1139.29,793.00
             1137.80,781.70 1138.00,770.38 1138.00,759.00
             1138.00,749.32 1138.47,740.88 1134.00,732.00 Z
           M 1074.00,776.00
           C 1075.57,769.75 1076.86,769.31 1079.64,764.00
             1079.64,764.00 1091.10,743.00 1091.10,743.00
             1091.10,743.00 1097.02,735.00 1097.02,735.00
             1100.94,729.24 1101.45,723.69 1109.00,722.00
             1109.00,722.00 1107.96,740.00 1107.96,740.00
             1107.96,740.00 1107.96,750.00 1107.96,750.00
             1107.96,750.00 1106.00,769.00 1106.00,769.00
             1106.00,769.00 1105.00,785.00 1105.00,785.00
             1109.23,780.93 1110.47,775.24 1112.94,770.00
             1112.94,770.00 1121.80,752.00 1121.80,752.00
             1121.80,752.00 1125.82,746.00 1125.82,746.00
             1128.73,741.27 1128.90,737.88 1134.00,735.00
             1126.13,750.18 1117.89,764.96 1111.81,781.00
             1111.81,781.00 1107.63,794.00 1107.63,794.00
             1106.77,796.43 1105.75,799.48 1105.32,802.00
             1104.21,808.59 1105.37,812.63 1096.96,814.00
             1096.96,814.00 1096.96,802.00 1096.96,802.00
             1096.96,802.00 1096.02,790.00 1096.02,790.00
             1096.02,790.00 1097.09,771.00 1097.09,771.00
             1097.65,762.75 1099.85,748.61 1098.00,741.00
             1090.94,749.34 1089.59,752.62 1084.78,762.00
             1081.74,767.93 1080.32,772.74 1074.00,776.00 Z" />
</svg>
