<?xml version="1.0" encoding="UTF-8" standalone="no"?>
<!DOCTYPE svg PUBLIC "-//W3C//DTD SVG 20010904//EN"
              "http://www.w3.org/TR/2001/REC-SVG-20010904/DTD/svg10.dtd">

<svg xmlns="http://www.w3.org/2000/svg"
     width="5.74667in" height="8.4in"
     viewBox="0 0 1724 2520">
  <path id="O-1"
        fill="none" stroke="black" stroke-width="1"
        d="M 1242.00,1041.00
           C 1242.00,1041.00 1244.83,1018.00 1244.83,1018.00
             1245.22,1013.94 1244.66,1011.24 1245.70,1007.00
             1247.06,1001.49 1249.96,996.69 1253.05,992.01
             1257.04,985.96 1262.92,979.16 1271.00,981.97
             1274.37,983.14 1278.07,985.94 1281.00,988.00
             1281.00,988.00 1278.00,982.00 1278.00,982.00
             1278.00,982.00 1283.00,981.00 1283.00,981.00
             1283.03,991.99 1286.46,993.13 1290.42,1003.00
             1294.26,1012.57 1296.02,1019.72 1296.00,1030.00
             1295.97,1047.43 1286.49,1076.74 1278.10,1092.00
             1269.76,1107.18 1266.59,1110.55 1256.37,1123.74
             1252.27,1129.04 1249.47,1134.45 1242.00,1133.83
             1233.61,1133.13 1228.90,1128.61 1223.04,1123.07
             1209.12,1109.92 1204.78,1102.28 1205.00,1083.00
             1205.14,1071.11 1207.99,1068.65 1213.81,1059.27
             1218.48,1051.75 1217.17,1052.62 1223.59,1045.00
             1228.79,1038.83 1234.16,1030.77 1240.00,1041.00
             1240.00,1041.00 1242.00,1041.00 1242.00,1041.00 Z
           M 1278.00,1018.00
           C 1272.05,1014.41 1275.55,1011.43 1274.84,1006.00
             1274.21,1001.17 1266.00,993.34 1261.02,993.59
             1254.35,993.92 1255.25,1003.58 1254.83,1008.00
             1254.83,1008.00 1253.72,1017.00 1253.72,1017.00
             1252.43,1026.86 1252.02,1028.86 1252.00,1039.00
             1252.00,1039.00 1251.00,1058.00 1251.00,1058.00
             1250.97,1063.29 1248.11,1077.40 1245.76,1081.91
             1243.79,1085.71 1242.25,1085.84 1240.00,1091.00
             1240.00,1091.00 1238.00,1091.00 1238.00,1091.00
             1234.61,1081.34 1236.88,1085.58 1237.00,1076.00
             1237.07,1070.13 1235.99,1060.20 1233.32,1055.00
             1232.16,1052.77 1230.03,1049.64 1227.10,1050.17
             1223.44,1050.83 1216.54,1063.39 1215.68,1067.00
             1214.85,1070.48 1215.11,1072.61 1214.92,1076.00
             1213.91,1093.31 1219.94,1103.10 1234.00,1113.03
             1238.32,1116.09 1245.72,1124.03 1251.82,1122.23
             1254.11,1121.55 1255.81,1118.81 1257.23,1117.01
             1262.53,1110.32 1262.40,1109.79 1266.68,1103.17
             1272.32,1094.44 1282.96,1066.21 1284.68,1056.00
             1285.90,1048.76 1286.08,1041.33 1286.00,1034.00
             1285.91,1026.99 1284.73,1017.56 1278.00,1014.00
             1278.00,1014.00 1278.00,1018.00 1278.00,1018.00 Z" />
</svg>
