<?xml version="1.0" encoding="UTF-8" standalone="no"?>
<!DOCTYPE svg PUBLIC "-//W3C//DTD SVG 20010904//EN"
              "http://www.w3.org/TR/2001/REC-SVG-20010904/DTD/svg10.dtd">

<svg xmlns="http://www.w3.org/2000/svg"
     width="5.61333in" height="8.16in"
     viewBox="0 0 1684 2448">
  <path id="o-1"
        fill="none" stroke="black" stroke-width="1"
        d="M 1486.00,749.00
           C 1486.00,749.00 1470.00,753.42 1470.00,753.42
             1461.86,754.32 1456.49,746.37 1457.11,739.00
             1457.60,733.11 1463.20,723.88 1468.09,720.75
             1470.64,719.12 1472.22,719.53 1475.00,719.45
             1481.58,719.25 1484.73,718.45 1488.85,725.02
             1490.86,728.21 1491.16,731.31 1490.95,735.00
             1490.83,737.15 1490.57,737.98 1490.00,740.00
             1490.00,740.00 1500.00,738.00 1500.00,738.00
             1496.11,744.74 1491.26,742.43 1489.15,748.06
             1489.15,748.06 1484.95,765.83 1484.95,765.83
             1484.95,765.83 1479.90,776.00 1479.90,776.00
             1475.44,785.87 1475.51,788.17 1469.00,798.00
             1465.86,802.74 1460.00,811.98 1454.00,812.73
             1444.73,813.89 1432.31,797.11 1428.23,789.96
             1422.26,779.48 1419.57,772.28 1420.02,760.00
             1420.28,752.73 1427.86,743.92 1432.11,738.17
             1437.98,730.22 1439.37,726.13 1450.00,723.00
             1447.88,726.55 1445.41,727.37 1442.58,730.21
             1438.29,734.52 1437.62,736.60 1434.39,740.72
             1431.66,744.19 1429.80,745.15 1429.19,750.00
             1428.84,752.80 1429.34,755.27 1429.73,758.00
             1431.83,772.68 1437.65,781.43 1448.01,792.00
             1452.05,796.11 1457.51,802.54 1463.91,799.42
             1468.21,797.32 1472.79,788.42 1474.48,784.00
             1481.33,766.06 1482.18,769.98 1486.00,749.00 Z
           M 1471.11,724.60
           C 1460.19,731.55 1472.66,747.28 1484.85,741.97
             1489.62,739.90 1488.86,728.64 1485.43,725.60
             1482.69,723.17 1474.51,723.84 1471.11,724.60 Z" />
</svg>
