<?xml version="1.0" encoding="UTF-8" standalone="no"?>
<!DOCTYPE svg PUBLIC "-//W3C//DTD SVG 20010904//EN"
              "http://www.w3.org/TR/2001/REC-SVG-20010904/DTD/svg10.dtd">

<svg xmlns="http://www.w3.org/2000/svg"
     width="5.61333in" height="8.16in"
     viewBox="0 0 1684 2448">
  <path id="p-1"
        fill="none" stroke="black" stroke-width="1"
        d="M 1502.00,874.00
           C 1500.13,883.24 1492.50,888.08 1493.53,894.00
             1494.31,898.47 1507.75,911.85 1516.30,902.51
             1521.79,896.51 1519.07,888.94 1519.51,882.00
             1519.51,882.00 1520.72,861.00 1520.72,861.00
             1520.72,861.00 1520.00,849.00 1520.00,849.00
             1520.00,849.00 1520.00,798.00 1520.00,798.00
             1520.00,798.00 1521.04,788.00 1521.04,788.00
             1521.04,788.00 1521.04,778.00 1521.04,778.00
             1521.04,778.00 1522.26,765.00 1522.26,765.00
             1522.26,765.00 1521.00,744.00 1521.00,744.00
             1520.91,736.05 1520.71,718.47 1533.00,721.00
             1533.00,721.00 1531.00,744.00 1531.00,744.00
             1531.00,744.00 1532.00,759.00 1532.00,759.00
             1532.00,759.00 1531.00,779.00 1531.00,779.00
             1535.08,774.91 1538.11,767.33 1541.31,762.17
             1541.31,762.17 1546.46,754.99 1546.46,754.99
             1546.46,754.99 1560.45,734.00 1560.45,734.00
             1564.14,729.35 1567.88,722.02 1574.00,721.00
             1577.02,728.16 1577.95,726.23 1578.00,735.00
             1578.10,755.49 1572.39,777.13 1579.00,797.00
             1581.77,791.09 1587.90,777.10 1592.00,773.00
             1591.65,779.21 1589.04,784.34 1586.65,790.00
             1582.97,798.74 1580.18,810.61 1571.00,815.00
             1565.60,806.25 1566.43,795.96 1566.23,786.00
             1566.23,786.00 1566.23,776.00 1566.23,776.00
             1566.23,776.00 1568.00,736.00 1568.00,736.00
             1559.51,737.33 1556.49,745.30 1552.67,752.00
             1548.02,760.13 1546.59,759.55 1540.86,771.00
             1538.75,775.22 1531.12,792.97 1530.34,797.01
             1530.34,797.01 1529.20,821.00 1529.20,821.00
             1529.20,821.00 1529.92,828.00 1529.92,828.00
             1529.92,828.00 1529.18,836.00 1529.18,836.00
             1529.18,836.00 1529.84,844.00 1529.84,844.00
             1529.84,844.00 1529.84,863.00 1529.84,863.00
             1529.84,863.00 1529.84,871.00 1529.84,871.00
             1529.57,879.15 1531.27,888.09 1528.48,896.00
             1526.45,901.78 1520.57,909.47 1516.25,913.79
             1507.28,922.77 1503.19,920.40 1494.00,914.86
             1490.13,912.53 1486.17,910.59 1484.65,905.96
             1482.12,898.27 1486.84,889.14 1491.17,883.00
             1494.49,878.29 1496.07,874.98 1502.00,874.00 Z" />
</svg>
