<?xml version="1.0" encoding="UTF-8" standalone="no"?>
<!DOCTYPE svg PUBLIC "-//W3C//DTD SVG 20010904//EN"
              "http://www.w3.org/TR/2001/REC-SVG-20010904/DTD/svg10.dtd">

<svg xmlns="http://www.w3.org/2000/svg"
     width="5.74667in" height="8.4in"
     viewBox="0 0 1724 2520">
  <path id="P-1"
        fill="none" stroke="black" stroke-width="1"
        d="M 1415.00,986.00
           C 1415.00,986.00 1433.00,1000.26 1433.00,1000.26
             1433.00,1000.26 1439.00,1001.00 1439.00,1001.00
             1438.08,1007.07 1435.03,1007.74 1432.21,1013.00
             1430.01,1017.11 1424.89,1033.47 1425.34,1038.00
             1426.45,1049.34 1435.90,1057.74 1437.24,1072.00
             1437.24,1072.00 1437.24,1080.00 1437.24,1080.00
             1436.51,1092.45 1433.81,1105.23 1425.19,1114.83
             1420.59,1119.95 1419.23,1119.29 1415.01,1122.49
             1410.85,1125.65 1409.29,1129.64 1404.99,1130.68
             1399.11,1132.11 1391.83,1127.30 1385.96,1126.00
             1385.96,1126.00 1385.96,1138.00 1385.96,1138.00
             1385.96,1138.00 1385.00,1148.00 1385.00,1148.00
             1384.89,1157.29 1384.47,1159.97 1382.51,1169.00
             1381.35,1174.35 1380.90,1181.93 1374.00,1182.00
             1375.90,1174.20 1376.19,1164.06 1376.02,1155.99
             1376.02,1155.99 1376.96,1144.00 1376.96,1144.00
             1376.96,1144.00 1376.96,1130.00 1376.96,1130.00
             1377.06,1123.28 1378.17,1118.56 1369.00,1119.17
             1364.17,1119.49 1360.72,1119.87 1356.00,1121.00
             1360.60,1108.08 1364.31,1107.03 1377.00,1106.00
             1377.00,1106.00 1378.00,1089.00 1378.00,1089.00
             1378.00,1089.00 1379.00,1075.00 1379.00,1075.00
             1379.00,1075.00 1379.00,1059.00 1379.00,1059.00
             1379.00,1059.00 1379.91,1044.00 1379.91,1044.00
             1379.91,1044.00 1379.18,1037.00 1379.18,1037.00
             1379.18,1037.00 1380.00,1025.00 1380.00,1025.00
             1380.01,1018.71 1381.08,1007.55 1374.94,1003.78
             1371.06,1001.40 1367.91,1004.14 1364.00,1004.63
             1360.20,1005.11 1352.22,1002.27 1346.17,1005.28
             1340.66,1008.02 1341.26,1012.48 1334.00,1016.00
             1336.89,1010.00 1345.88,993.25 1352.00,991.52
             1355.36,990.26 1358.62,991.80 1362.00,991.52
             1362.00,991.52 1367.00,991.52 1367.00,991.52
             1367.00,991.52 1377.23,991.52 1377.23,991.52
             1378.22,992.10 1377.83,992.54 1378.00,993.00
             1391.65,989.73 1389.47,1002.40 1391.00,1014.00
             1398.71,1004.62 1405.31,993.34 1415.00,986.00 Z
           M 1407.10,1000.90
           C 1400.98,1004.06 1396.19,1014.74 1393.42,1021.00
             1392.43,1023.23 1391.06,1025.66 1390.47,1028.00
             1390.47,1028.00 1389.72,1038.00 1389.72,1038.00
             1389.72,1038.00 1388.04,1051.00 1388.04,1051.00
             1388.04,1051.00 1388.04,1076.00 1388.04,1076.00
             1388.04,1076.00 1387.04,1087.00 1387.04,1087.00
             1387.04,1087.00 1387.04,1100.00 1387.04,1100.00
             1387.00,1102.41 1386.80,1105.68 1388.02,1107.81
             1389.44,1110.27 1392.59,1111.76 1395.00,1113.08
             1401.15,1116.44 1410.99,1120.56 1417.96,1116.98
             1425.29,1113.22 1426.96,1102.37 1427.00,1095.00
             1427.04,1087.91 1428.21,1080.87 1425.83,1074.00
             1422.16,1063.43 1414.34,1054.73 1415.18,1043.00
             1415.68,1035.99 1417.55,1031.38 1420.14,1025.00
             1421.10,1022.63 1423.72,1016.41 1423.48,1014.09
             1423.15,1010.79 1413.00,1002.26 1410.00,1000.90
             1407.98,1000.26 1408.27,1000.78 1407.10,1000.90 Z
           M 1398.00,1065.00
           C 1398.19,1056.42 1399.62,1046.35 1408.00,1042.00
             1407.32,1048.54 1402.74,1060.47 1398.00,1065.00 Z" />
</svg>
