<?xml version="1.0" encoding="UTF-8" standalone="no"?>
<!DOCTYPE svg PUBLIC "-//W3C//DTD SVG 20010904//EN"
              "http://www.w3.org/TR/2001/REC-SVG-20010904/DTD/svg10.dtd">

<svg xmlns="http://www.w3.org/2000/svg"
     width="5.74667in" height="8.4in"
     viewBox="0 0 1724 2520">
  <path id="Q-1"
        fill="none" stroke="black" stroke-width="1"
        d="M 1540.00,1038.00
           C 1541.38,1032.34 1540.99,1027.74 1541.00,1022.00
             1541.02,1010.78 1542.94,999.12 1549.84,990.04
             1556.27,981.56 1561.93,977.89 1572.00,984.39
             1574.93,986.28 1576.97,988.07 1579.22,990.73
             1586.62,999.47 1592.86,1018.60 1593.00,1030.00
             1593.00,1030.00 1593.00,1040.00 1593.00,1040.00
             1592.99,1048.85 1591.32,1054.55 1589.51,1063.00
             1588.60,1067.25 1589.09,1067.33 1587.41,1072.00
             1586.00,1075.90 1578.74,1091.12 1576.24,1093.69
             1574.61,1095.36 1574.06,1095.34 1572.00,1096.00
             1572.00,1096.00 1580.37,1078.00 1580.37,1078.00
             1581.36,1074.49 1580.80,1069.91 1581.29,1066.00
             1582.47,1056.39 1584.29,1044.67 1582.68,1035.00
             1582.68,1035.00 1579.37,1023.00 1579.37,1023.00
             1579.37,1023.00 1575.59,1010.00 1575.59,1010.00
             1573.42,1005.20 1566.51,997.53 1562.00,994.73
             1557.35,991.84 1553.38,991.74 1552.07,998.00
             1552.07,998.00 1552.07,1004.00 1552.07,1004.00
             1552.07,1004.00 1552.07,1015.00 1552.07,1015.00
             1551.92,1021.21 1550.98,1023.38 1550.29,1029.00
             1550.29,1029.00 1549.00,1050.00 1549.00,1050.00
             1548.98,1061.10 1549.78,1070.59 1539.91,1078.00
             1538.60,1072.67 1539.83,1072.74 1539.91,1068.00
             1539.91,1068.00 1537.87,1050.00 1537.87,1050.00
             1537.22,1047.29 1536.18,1042.20 1533.73,1040.63
             1530.02,1038.24 1527.04,1044.53 1525.40,1047.00
             1518.94,1056.74 1516.52,1061.83 1513.18,1073.00
             1508.67,1088.08 1517.38,1101.00 1528.00,1110.91
             1531.24,1113.94 1536.95,1118.49 1541.00,1120.21
             1544.60,1121.74 1550.07,1122.48 1554.00,1123.00
             1553.60,1124.82 1553.53,1126.04 1552.26,1127.59
             1550.23,1130.07 1542.23,1133.86 1539.00,1133.77
             1533.33,1133.61 1526.67,1127.51 1524.82,1136.01
             1523.31,1142.91 1529.16,1148.66 1533.42,1153.13
             1542.67,1162.80 1553.58,1171.28 1565.83,1176.71
             1569.34,1178.27 1572.99,1180.55 1577.00,1180.56
             1580.84,1180.57 1588.46,1174.84 1593.00,1173.00
             1591.27,1177.06 1588.89,1180.38 1585.56,1183.32
             1582.55,1185.98 1575.70,1191.95 1571.96,1192.66
             1566.92,1193.62 1561.39,1191.49 1557.01,1189.16
             1549.50,1185.15 1537.27,1177.15 1531.09,1171.56
             1525.46,1166.48 1513.77,1155.12 1514.71,1147.00
             1515.33,1141.74 1523.65,1130.83 1521.96,1126.17
             1521.05,1123.66 1515.14,1118.48 1513.04,1115.83
             1505.83,1106.74 1503.39,1101.60 1502.81,1090.00
             1502.49,1083.54 1505.10,1079.70 1507.58,1074.00
             1511.96,1063.92 1515.57,1055.96 1521.63,1046.72
             1523.62,1043.69 1527.95,1036.49 1531.09,1035.08
             1534.34,1033.62 1537.40,1036.35 1540.00,1038.00 Z" />
</svg>
