<?xml version="1.0" encoding="UTF-8" standalone="no"?>
<!DOCTYPE svg PUBLIC "-//W3C//DTD SVG 20010904//EN"
              "http://www.w3.org/TR/2001/REC-SVG-20010904/DTD/svg10.dtd">

<svg xmlns="http://www.w3.org/2000/svg"
     width="5.61333in" height="8.16in"
     viewBox="0 0 1684 2448">
  <path id="q-1"
        fill="none" stroke="black" stroke-width="1"
        d="M 287.00,1095.00
           C 284.78,1102.63 276.56,1109.38 269.00,1103.69
             262.21,1098.58 255.25,1086.68 251.44,1079.00
             248.39,1072.87 242.45,1059.61 243.11,1053.00
             243.78,1046.25 249.45,1040.90 253.55,1035.96
             257.77,1030.89 266.59,1017.11 272.01,1014.85
             274.42,1013.85 277.42,1014.00 280.00,1014.00
             280.00,1014.00 300.00,1014.00 300.00,1014.00
             300.00,1014.00 314.00,1013.00 314.00,1013.00
             312.13,1015.36 308.92,1018.49 307.89,1021.09
             306.79,1023.84 307.08,1027.92 306.72,1031.00
             306.72,1031.00 305.34,1049.00 305.34,1049.00
             305.34,1049.00 306.00,1058.00 306.00,1058.00
             306.12,1068.38 303.09,1088.95 306.00,1098.00
             306.66,1090.19 311.23,1073.18 317.00,1068.00
             317.00,1068.00 310.91,1087.00 310.91,1087.00
             310.91,1087.00 305.63,1113.00 305.63,1113.00
             305.63,1113.00 304.02,1119.00 304.02,1119.00
             304.02,1119.00 304.02,1128.00 304.02,1128.00
             303.19,1134.44 302.04,1134.85 302.00,1143.00
             302.00,1143.00 302.00,1178.00 302.00,1178.00
             302.00,1178.00 301.09,1188.00 301.09,1188.00
             300.47,1197.07 302.02,1201.75 295.73,1209.74
             293.48,1212.59 293.28,1213.25 290.00,1215.00
             290.00,1215.00 292.00,1194.00 292.00,1194.00
             292.00,1194.00 292.68,1161.00 292.68,1161.00
             292.68,1161.00 292.00,1148.00 292.00,1148.00
             292.00,1148.00 292.91,1138.00 292.91,1138.00
             292.91,1138.00 294.00,1114.00 294.00,1114.00
             294.00,1114.00 295.00,1064.00 295.00,1064.00
             295.00,1064.00 295.91,1052.00 295.91,1052.00
             295.91,1052.00 297.00,1026.00 297.00,1026.00
             287.55,1025.23 268.78,1022.44 261.76,1030.22
             251.56,1041.54 252.72,1048.95 258.14,1062.00
             261.77,1070.73 262.20,1071.97 267.67,1080.00
             270.50,1084.15 277.41,1092.71 282.00,1094.40
             283.61,1094.99 285.32,1094.94 287.00,1095.00 Z
           M 320.00,1061.00
           C 320.87,1063.73 320.58,1063.95 318.00,1065.00
             318.00,1065.00 320.00,1061.00 320.00,1061.00 Z" />
</svg>
