<?xml version="1.0" encoding="UTF-8" standalone="no"?>
<!DOCTYPE svg PUBLIC "-//W3C//DTD SVG 20010904//EN"
              "http://www.w3.org/TR/2001/REC-SVG-20010904/DTD/svg10.dtd">

<svg xmlns="http://www.w3.org/2000/svg"
     width="5.61333in" height="8.16in"
     viewBox="0 0 1684 2448">
  <path id="r-1"
        fill="none" stroke="black" stroke-width="1"
        d="M 368.00,1060.00
           C 369.03,1052.83 373.94,1052.83 378.71,1047.90
             378.71,1047.90 402.09,1019.21 402.09,1019.21
             404.42,1017.07 406.20,1016.28 409.00,1015.00
             417.69,1028.84 428.45,1031.74 444.00,1033.00
             440.37,1039.64 434.22,1040.38 428.52,1045.05
             421.96,1050.42 414.18,1063.81 413.95,1072.42
             413.95,1072.42 414.72,1078.00 414.72,1078.00
             415.65,1083.71 419.93,1097.01 428.00,1094.58
             438.01,1091.57 449.17,1070.18 460.00,1067.00
             457.88,1071.29 452.56,1076.16 449.27,1080.00
             449.27,1080.00 429.97,1101.79 429.97,1101.79
             427.33,1104.18 420.92,1108.99 417.17,1108.23
             412.60,1107.32 406.78,1098.11 405.09,1094.00
             403.66,1090.49 402.44,1085.81 402.79,1082.00
             403.12,1078.36 405.07,1074.47 406.34,1071.00
             410.38,1059.96 414.66,1050.42 423.00,1042.00
             416.47,1039.18 411.85,1038.83 406.35,1033.66
             404.68,1032.09 401.54,1028.04 399.08,1028.58
             396.59,1029.13 391.58,1036.75 389.87,1039.00
             383.65,1047.22 378.00,1056.17 368.00,1060.00 Z" />
</svg>
