<?xml version="1.0" encoding="UTF-8" standalone="no"?>
<!DOCTYPE svg PUBLIC "-//W3C//DTD SVG 20010904//EN"
              "http://www.w3.org/TR/2001/REC-SVG-20010904/DTD/svg10.dtd">

<svg xmlns="http://www.w3.org/2000/svg"
     width="5.74667in" height="8.4in"
     viewBox="0 0 1724 2520">
  <path id="R-1"
        fill="none" stroke="black" stroke-width="1"
        d="M 1072.00,1619.00
           C 1069.24,1627.74 1054.09,1638.73 1050.32,1624.00
             1050.15,1622.42 1050.02,1620.63 1050.32,1619.00
             1050.69,1608.49 1064.74,1592.45 1072.42,1585.50
             1075.40,1582.81 1080.60,1577.62 1084.91,1578.83
             1092.05,1580.82 1099.05,1595.67 1102.00,1602.00
             1102.00,1602.00 1104.00,1602.00 1104.00,1602.00
             1106.25,1594.17 1117.71,1580.22 1126.00,1578.73
             1135.60,1577.02 1145.03,1583.95 1150.66,1591.00
             1154.83,1596.23 1154.58,1600.74 1155.59,1607.00
             1158.58,1625.58 1155.15,1638.78 1141.27,1652.39
             1137.32,1656.26 1135.37,1659.14 1130.00,1661.00
             1132.36,1655.11 1135.54,1653.34 1138.65,1648.00
             1142.08,1642.13 1145.92,1633.87 1145.92,1627.00
             1145.92,1627.00 1145.09,1619.00 1145.09,1619.00
             1144.73,1614.14 1145.11,1612.92 1143.29,1608.00
             1140.46,1600.34 1128.11,1587.32 1119.04,1590.61
             1115.81,1591.79 1114.10,1595.29 1112.31,1598.00
             1106.59,1606.65 1105.02,1605.27 1105.00,1616.00
             1105.00,1616.00 1105.00,1629.00 1105.00,1629.00
             1104.98,1643.48 1097.41,1667.22 1092.19,1681.00
             1087.35,1693.78 1088.71,1694.80 1079.85,1707.00
             1072.94,1716.52 1067.85,1725.80 1056.00,1729.00
             1056.00,1729.00 1055.00,1713.00 1055.00,1713.00
             1055.13,1701.58 1062.55,1680.85 1067.01,1670.00
             1067.01,1670.00 1083.86,1631.00 1083.86,1631.00
             1083.86,1631.00 1091.01,1616.00 1091.01,1616.00
             1091.99,1610.42 1085.07,1598.79 1080.96,1595.27
             1078.91,1593.52 1074.98,1590.93 1072.17,1592.09
             1067.09,1594.19 1061.74,1607.68 1062.19,1613.00
             1062.38,1615.29 1063.31,1619.54 1065.72,1620.50
             1067.46,1621.19 1070.36,1619.67 1072.00,1619.00 Z
           M 1122.00,1628.00
           C 1122.00,1628.00 1121.31,1620.00 1121.31,1620.00
             1121.85,1615.22 1127.82,1609.83 1129.95,1612.65
             1132.43,1615.94 1124.85,1626.24 1122.00,1628.00 Z
           M 1094.00,1631.00
           C 1094.00,1631.00 1092.00,1631.00 1092.00,1631.00
             1092.00,1631.00 1074.23,1673.00 1074.23,1673.00
             1074.23,1673.00 1070.48,1685.00 1070.48,1685.00
             1067.33,1694.37 1063.53,1704.34 1068.00,1714.00
             1078.06,1706.13 1080.72,1693.65 1083.92,1682.00
             1083.92,1682.00 1088.70,1669.00 1088.70,1669.00
             1092.25,1656.58 1094.00,1643.88 1094.00,1631.00 Z
           M 1130.00,1728.00
           C 1130.00,1728.00 1128.54,1721.91 1128.54,1721.91
             1128.54,1721.91 1110.92,1687.00 1110.92,1687.00
             1109.15,1683.76 1102.01,1672.94 1102.43,1669.91
             1102.89,1666.62 1109.75,1657.82 1114.67,1664.23
             1114.67,1664.23 1131.04,1695.00 1131.04,1695.00
             1135.05,1703.29 1134.87,1698.65 1139.00,1711.00
             1139.00,1711.00 1141.00,1711.00 1141.00,1711.00
             1146.16,1699.01 1146.56,1701.32 1150.64,1687.00
             1152.00,1682.20 1152.94,1677.72 1158.00,1676.00
             1156.90,1689.10 1148.69,1700.39 1143.34,1712.00
             1140.86,1717.37 1141.27,1724.24 1130.00,1728.00 Z" />
</svg>
