<?xml version="1.0" encoding="UTF-8" standalone="no"?>
<!DOCTYPE svg PUBLIC "-//W3C//DTD SVG 20010904//EN"
              "http://www.w3.org/TR/2001/REC-SVG-20010904/DTD/svg10.dtd">

<svg xmlns="http://www.w3.org/2000/svg"
     width="5.74667in" height="8.4in"
     viewBox="0 0 1724 2520">
  <path id="S-1"
        fill="none" stroke="black" stroke-width="1"
        d="M 926.00,1851.00
           C 922.30,1850.31 920.25,1849.56 917.01,1847.53
             914.68,1846.07 912.71,1844.38 910.82,1842.38
             898.49,1829.35 911.46,1814.22 920.52,1803.83
             927.91,1795.35 935.59,1786.95 943.96,1779.42
             947.02,1776.67 949.34,1773.79 953.01,1771.82
             964.04,1765.90 985.48,1765.92 998.00,1766.00
             1006.90,1766.06 1011.26,1769.59 1008.20,1779.00
             1005.45,1787.48 999.59,1795.76 994.50,1803.00
             991.70,1806.97 990.75,1808.57 986.00,1810.00
             990.11,1800.15 993.71,1799.06 996.33,1787.00
             996.64,1785.57 997.31,1783.49 997.03,1782.05
             996.39,1778.78 992.91,1777.59 990.00,1777.19
             984.45,1776.42 976.95,1777.86 971.00,1778.01
             967.15,1778.11 954.14,1779.78 951.00,1781.31
             947.72,1782.91 937.58,1792.36 935.09,1795.44
             935.09,1795.44 928.83,1804.00 928.83,1804.00
             924.60,1808.96 916.18,1816.96 917.24,1824.00
             918.87,1834.80 940.75,1842.67 950.00,1845.84
             963.84,1850.57 981.27,1857.80 994.00,1864.86
             998.44,1867.32 1006.16,1871.04 1008.02,1875.98
             1009.84,1880.82 1004.10,1881.80 1005.19,1886.00
             1005.95,1888.94 1013.48,1894.43 1012.38,1902.00
             1010.85,1912.59 998.25,1926.10 989.00,1930.84
             985.60,1932.58 977.86,1934.13 974.00,1933.91
             974.00,1933.91 948.00,1931.00 948.00,1931.00
             936.00,1929.95 915.70,1923.63 917.56,1908.00
             918.31,1901.63 926.69,1891.85 931.00,1887.04
             932.50,1885.36 937.12,1881.12 937.39,1879.11
             937.69,1876.90 935.54,1876.47 933.98,1875.92
             930.15,1874.57 927.56,1873.42 925.23,1869.83
             921.29,1863.79 925.42,1857.38 926.00,1851.00 Z
           M 982.00,1876.00
           C 977.91,1871.45 973.46,1870.92 968.00,1868.36
             955.76,1862.63 957.01,1863.55 945.00,1859.36
             940.35,1857.73 940.58,1857.18 935.00,1856.00
             936.16,1863.01 940.14,1862.83 946.00,1865.28
             954.90,1869.01 959.39,1869.28 968.00,1871.58
             973.42,1873.03 976.07,1875.03 982.00,1876.00 Z
           M 944.17,1880.64
           C 937.91,1884.13 926.29,1897.29 928.65,1904.99
             930.18,1909.95 935.55,1913.33 940.00,1915.44
             946.83,1918.68 951.82,1918.40 959.00,1919.10
             959.00,1919.10 968.00,1920.95 968.00,1920.95
             968.00,1920.95 988.00,1920.95 988.00,1920.95
             990.77,1921.00 994.43,1921.21 996.89,1919.83
             1000.99,1917.52 1002.84,1910.26 1001.26,1906.00
             1000.31,1903.45 998.01,1900.98 995.98,1899.21
             991.03,1894.90 987.48,1894.91 982.00,1892.49
             975.38,1889.56 969.08,1885.78 962.00,1883.92
             962.00,1883.92 954.00,1882.62 954.00,1882.62
             949.50,1881.61 949.22,1880.02 944.17,1880.64 Z" />
</svg>
