<?xml version="1.0" encoding="UTF-8" standalone="no"?>
<!DOCTYPE svg PUBLIC "-//W3C//DTD SVG 20010904//EN"
              "http://www.w3.org/TR/2001/REC-SVG-20010904/DTD/svg10.dtd">

<svg xmlns="http://www.w3.org/2000/svg"
     width="5.61333in" height="8.16in"
     viewBox="0 0 1684 2448">
  <path id="s-1"
        fill="none" stroke="black" stroke-width="1"
        d="M 548.00,1028.00
           C 548.00,1028.00 522.00,1053.01 522.00,1053.01
             519.42,1055.59 514.04,1062.42 511.00,1063.15
             509.95,1063.66 508.56,1063.70 507.65,1063.15
             504.91,1060.71 509.51,1055.68 511.09,1054.09
             514.22,1050.94 516.49,1049.97 519.72,1047.48
             519.72,1047.48 533.00,1035.91 533.00,1035.91
             540.37,1029.02 548.73,1018.15 559.00,1016.00
             559.25,1021.39 560.03,1029.19 562.37,1034.00
             569.77,1049.16 582.68,1058.53 581.96,1077.00
             581.70,1083.73 578.95,1092.78 574.62,1097.98
             572.00,1101.14 569.00,1104.26 566.00,1100.00
             566.00,1100.00 564.00,1100.00 564.00,1100.00
             559.81,1108.07 547.26,1111.09 539.00,1108.30
             535.57,1107.14 531.64,1103.87 529.50,1100.99
             522.71,1091.86 526.30,1082.78 532.61,1074.92
             536.34,1070.28 536.42,1069.05 542.00,1066.00
             542.00,1066.00 543.00,1067.00 543.00,1067.00
             540.70,1070.95 536.80,1075.40 536.26,1080.00
             535.15,1089.56 545.60,1096.73 554.00,1097.86
             562.71,1099.03 564.65,1094.86 571.00,1095.00
             577.30,1075.86 560.99,1061.24 552.89,1046.00
             548.01,1036.82 550.01,1036.27 548.00,1028.00 Z" />
</svg>
