<?xml version="1.0" encoding="UTF-8" standalone="no"?>
<!DOCTYPE svg PUBLIC "-//W3C//DTD SVG 20010904//EN"
              "http://www.w3.org/TR/2001/REC-SVG-20010904/DTD/svg10.dtd">

<svg xmlns="http://www.w3.org/2000/svg"
     width="5.74667in" height="8.4in"
     viewBox="0 0 1724 2520">
  <path id="T-1"
        fill="none" stroke="black" stroke-width="1"
        d="M 1151.00,1815.00
           C 1151.02,1809.03 1150.85,1807.51 1153.59,1802.00
             1156.19,1796.79 1163.72,1785.84 1169.00,1783.51
             1178.83,1779.18 1192.72,1784.88 1203.00,1785.00
             1214.30,1785.12 1210.81,1783.68 1220.00,1781.00
             1219.70,1786.43 1219.14,1787.55 1216.00,1792.00
             1216.00,1792.00 1232.00,1783.00 1232.00,1783.00
             1229.56,1788.78 1228.67,1786.65 1225.53,1790.30
             1225.53,1790.30 1216.13,1804.00 1216.13,1804.00
             1210.21,1813.82 1211.12,1822.24 1211.00,1833.00
             1210.95,1836.68 1208.83,1844.77 1212.43,1846.81
             1213.68,1847.52 1216.41,1847.29 1218.00,1847.52
             1224.09,1848.41 1227.71,1848.98 1234.00,1849.00
             1232.51,1855.09 1228.57,1860.66 1222.00,1861.78
             1218.05,1862.45 1211.45,1860.89 1209.02,1864.43
             1207.77,1866.25 1207.92,1872.37 1207.58,1875.00
             1207.58,1875.00 1206.83,1886.00 1206.83,1886.00
             1206.83,1886.00 1205.04,1904.00 1205.04,1904.00
             1204.69,1911.96 1205.07,1920.60 1196.00,1924.00
             1196.00,1924.00 1200.00,1862.00 1200.00,1862.00
             1200.00,1862.00 1183.00,1864.00 1183.00,1864.00
             1182.67,1858.63 1184.75,1853.20 1190.04,1851.02
             1193.61,1849.54 1198.41,1849.89 1200.27,1845.86
             1202.93,1840.05 1200.99,1830.06 1202.01,1824.00
             1203.73,1813.82 1209.17,1805.03 1214.00,1796.00
             1214.00,1796.00 1213.00,1795.00 1213.00,1795.00
             1201.00,1801.53 1186.88,1795.94 1174.00,1796.00
             1168.37,1796.03 1163.76,1796.23 1160.10,1801.19
             1156.88,1805.56 1156.18,1813.19 1151.00,1815.00 Z" />
</svg>
