<?xml version="1.0" encoding="UTF-8" standalone="no"?>
<!DOCTYPE svg PUBLIC "-//W3C//DTD SVG 20010904//EN"
              "http://www.w3.org/TR/2001/REC-SVG-20010904/DTD/svg10.dtd">

<svg xmlns="http://www.w3.org/2000/svg"
     width="5.61333in" height="8.16in"
     viewBox="0 0 1684 2448">
  <path id="t-1"
        fill="none" stroke="black" stroke-width="1"
        d="M 821.91,1022.91
           C 821.91,1022.91 822.91,1003.00 822.91,1003.00
             823.30,997.29 822.35,993.77 824.67,988.04
             827.83,980.21 837.78,971.07 843.34,964.00
             849.07,956.71 853.03,949.27 862.00,946.00
             862.71,951.51 857.13,955.82 853.54,959.58
             847.38,966.02 836.11,978.43 833.64,987.00
             832.77,990.01 833.05,994.64 832.77,998.00
             832.49,1001.40 830.80,1009.81 833.60,1012.24
             834.92,1013.39 840.16,1013.72 842.00,1013.75
             842.00,1013.75 849.00,1013.04 849.00,1013.04
             849.00,1013.04 859.00,1013.04 859.00,1013.04
             865.46,1012.91 866.17,1011.60 872.00,1011.00
             869.47,1017.46 864.08,1022.95 857.00,1024.13
             857.00,1024.13 839.00,1025.00 839.00,1025.00
             836.86,1025.04 834.23,1024.96 832.60,1026.60
             830.68,1028.52 831.01,1032.46 831.00,1035.00
             830.97,1047.85 829.59,1067.46 834.21,1079.00
             835.47,1082.16 839.67,1091.15 843.95,1090.39
             845.86,1090.06 847.90,1087.38 849.15,1085.99
             849.15,1085.99 858.59,1075.01 858.59,1075.01
             858.59,1075.01 877.00,1057.58 877.00,1057.58
             877.00,1057.58 889.00,1051.00 889.00,1051.00
             886.27,1058.91 884.10,1056.31 879.09,1059.73
             874.80,1062.67 871.07,1067.97 870.00,1073.00
             863.13,1075.03 862.64,1078.82 858.25,1083.68
             855.25,1087.01 853.19,1087.52 850.72,1092.01
             847.55,1097.77 847.33,1103.33 839.73,1106.05
             833.94,1108.12 826.34,1095.46 824.75,1091.00
             822.70,1085.27 820.57,1074.12 820.57,1068.00
             820.57,1058.66 823.31,1036.44 820.91,1028.00
             817.96,1030.89 810.28,1038.81 806.45,1042.64
             806.45,1042.64 798.55,1051.36 798.55,1051.36
             796.43,1053.22 797.55,1052.36 789.64,1059.55
             787.34,1060.09 788.44,1061.49 788.50,1059.00
             788.58,1055.83 793.69,1053.36 795.75,1051.00
             795.75,1051.00 808.75,1036.25 808.75,1036.25
             812.94,1032.07 809.00,1035.91 821.91,1022.91 Z" />
</svg>
