<?xml version="1.0" encoding="UTF-8" standalone="no"?>
<!DOCTYPE svg PUBLIC "-//W3C//DTD SVG 20010904//EN"
              "http://www.w3.org/TR/2001/REC-SVG-20010904/DTD/svg10.dtd">

<svg xmlns="http://www.w3.org/2000/svg"
     width="5.74667in" height="8.4in"
     viewBox="0 0 1724 2520">
  <path id="U-1"
        fill="none" stroke="black" stroke-width="1"
        d="M 240.00,1328.00
           C 235.80,1338.21 225.34,1339.52 224.10,1327.00
             222.71,1312.91 233.12,1298.30 242.95,1289.20
             247.40,1285.07 250.98,1280.24 258.00,1281.28
             267.50,1284.75 264.23,1290.82 264.45,1292.27
             264.45,1292.27 263.94,1319.00 263.94,1319.00
             263.94,1319.00 263.94,1364.00 263.94,1364.00
             263.94,1364.00 262.18,1380.00 262.18,1380.00
             262.18,1380.00 264.00,1410.00 264.00,1410.00
             270.28,1406.34 273.23,1391.85 275.38,1385.00
             275.38,1385.00 279.41,1375.00 279.41,1375.00
             279.41,1375.00 284.35,1358.00 284.35,1358.00
             288.86,1347.09 297.39,1328.83 299.55,1317.36
             300.72,1311.13 296.94,1314.52 295.52,1309.00
             293.60,1301.58 295.36,1295.61 301.32,1290.57
             303.39,1288.82 304.50,1288.63 307.00,1288.00
             300.49,1295.55 301.04,1297.74 309.00,1302.00
             310.09,1293.72 310.82,1284.66 321.00,1283.00
             321.00,1283.00 316.04,1311.00 316.04,1311.00
             316.04,1311.00 316.04,1318.00 316.04,1318.00
             316.04,1318.00 314.02,1325.00 314.02,1325.00
             314.02,1325.00 314.02,1332.00 314.02,1332.00
             314.02,1332.00 312.00,1352.00 312.00,1352.00
             312.00,1352.00 312.00,1375.00 312.00,1375.00
             312.00,1375.00 315.00,1403.00 315.00,1403.00
             317.14,1406.65 324.13,1392.52 325.27,1390.82
             324.26,1397.02 323.90,1399.53 322.21,1405.01
             319.56,1413.61 318.45,1425.94 310.00,1431.00
             310.00,1431.00 304.29,1404.00 304.29,1404.00
             304.29,1404.00 302.04,1377.00 302.04,1377.00
             302.04,1377.00 303.00,1364.00 303.00,1364.00
             303.00,1364.00 304.18,1336.00 304.18,1336.00
             304.18,1336.00 305.68,1329.00 305.68,1329.00
             305.68,1329.00 307.00,1316.00 307.00,1316.00
             307.00,1316.00 304.00,1315.00 304.00,1315.00
             304.00,1315.00 296.37,1339.00 296.37,1339.00
             296.37,1339.00 293.29,1350.00 293.29,1350.00
             293.29,1350.00 289.31,1360.00 289.31,1360.00
             289.31,1360.00 279.47,1390.00 279.47,1390.00
             279.47,1390.00 276.21,1398.00 276.21,1398.00
             273.60,1405.76 272.16,1414.82 267.83,1421.83
             266.21,1424.46 262.71,1429.82 259.08,1428.72
             255.41,1427.60 254.15,1423.28 253.59,1419.99
             253.59,1419.99 252.00,1390.00 252.00,1390.00
             252.00,1390.00 253.00,1375.00 253.00,1375.00
             253.00,1375.00 254.18,1343.91 254.18,1343.91
             254.38,1338.72 254.83,1340.26 254.82,1334.00
             254.82,1334.00 254.82,1326.00 254.82,1326.00
             254.82,1326.00 255.00,1301.27 255.00,1301.27
             255.18,1295.09 253.45,1291.36 246.00,1289.00
             242.55,1293.00 241.36,1293.91 238.82,1297.82
             238.99,1299.56 237.46,1300.12 237.05,1302.00
             236.17,1306.95 230.86,1313.30 233.79,1322.00
             235.10,1325.88 236.23,1326.82 240.00,1328.00 Z" />
</svg>
