<?xml version="1.0" encoding="UTF-8" standalone="no"?>
<!DOCTYPE svg PUBLIC "-//W3C//DTD SVG 20010904//EN"
              "http://www.w3.org/TR/2001/REC-SVG-20010904/DTD/svg10.dtd">

<svg xmlns="http://www.w3.org/2000/svg"
     width="5.61333in" height="8.16in"
     viewBox="0 0 1684 2448">
  <path id="u-1"
        fill="none" stroke="black" stroke-width="1"
        d="M 1005.00,1010.00
           C 1005.00,1010.00 1007.00,1010.00 1007.00,1010.00
             1007.59,1013.33 1008.88,1016.60 1008.92,1020.00
             1008.92,1020.00 1004.95,1047.00 1004.95,1047.00
             1003.72,1056.50 1003.35,1078.78 1004.95,1088.00
             1004.95,1088.00 1007.00,1088.00 1007.00,1088.00
             1009.57,1082.25 1020.74,1062.58 1025.00,1059.00
             1023.96,1062.88 1023.10,1063.61 1021.62,1067.00
             1021.62,1067.00 1015.06,1081.00 1015.06,1081.00
             1015.06,1081.00 1009.09,1092.00 1009.09,1092.00
             1006.48,1098.21 1004.49,1105.73 997.00,1107.00
             997.00,1107.00 995.32,1097.00 995.32,1097.00
             995.32,1097.00 994.00,1080.00 994.00,1080.00
             994.00,1080.00 995.00,1052.00 995.00,1052.00
             985.89,1060.63 977.54,1078.72 971.36,1090.00
             971.36,1090.00 960.00,1106.00 960.00,1106.00
             960.00,1106.00 957.00,1106.00 957.00,1106.00
             955.98,1103.98 954.98,1102.22 954.40,1100.00
             952.36,1092.13 954.99,1071.08 955.00,1062.00
             955.00,1062.00 957.00,1028.00 957.00,1028.00
             945.37,1033.64 945.57,1050.71 935.00,1056.00
             936.27,1050.80 937.83,1049.56 940.19,1045.01
             945.41,1034.97 948.36,1029.06 955.64,1020.04
             959.07,1015.78 960.29,1011.95 966.00,1011.00
             966.00,1011.00 964.00,1047.00 964.00,1047.00
             964.00,1047.00 963.00,1089.00 963.00,1089.00
             970.05,1083.49 974.06,1074.64 978.42,1067.00
             978.42,1067.00 985.21,1054.00 985.21,1054.00
             988.45,1048.32 991.46,1046.03 994.42,1038.28
             995.79,1034.69 995.13,1025.88 996.36,1022.00
             998.32,1015.85 1002.02,1015.69 1005.00,1010.00 Z
           M 928.00,1066.00
           C 929.61,1061.95 930.09,1061.04 934.00,1059.00
             932.71,1063.34 932.06,1064.01 928.00,1066.00 Z" />
</svg>
