<?xml version="1.0" encoding="UTF-8" standalone="no"?>
<!DOCTYPE svg PUBLIC "-//W3C//DTD SVG 20010904//EN"
              "http://www.w3.org/TR/2001/REC-SVG-20010904/DTD/svg10.dtd">

<svg xmlns="http://www.w3.org/2000/svg"
     width="5.61333in" height="8.16in"
     viewBox="0 0 1684 2448">
  <path id="v-1"
        fill="none" stroke="black" stroke-width="1"
        d="M 1416.00,1027.00
           C 1418.45,1018.60 1428.95,1002.87 1436.32,1017.00
             1439.73,1023.54 1438.86,1028.22 1438.17,1035.00
             1437.90,1037.65 1438.13,1039.42 1437.08,1042.00
             1437.08,1042.00 1430.30,1054.00 1430.30,1054.00
             1427.32,1059.91 1421.77,1068.75 1416.00,1072.00
             1417.43,1061.76 1428.31,1055.40 1428.71,1042.00
             1428.84,1037.75 1429.40,1026.97 1423.89,1025.70
             1422.70,1025.43 1417.87,1026.75 1416.00,1027.00 Z
           M 1384.00,1016.00
           C 1386.60,1017.23 1387.76,1017.81 1389.73,1020.06
             1393.78,1024.68 1401.81,1043.59 1404.00,1050.00
             1404.00,1050.00 1406.00,1050.00 1406.00,1050.00
             1408.21,1044.48 1411.20,1034.26 1416.00,1031.00
             1416.00,1031.00 1410.29,1056.00 1410.29,1056.00
             1409.40,1063.12 1411.77,1064.15 1411.94,1070.00
             1412.09,1074.90 1410.68,1076.82 1410.07,1081.00
             1410.07,1081.00 1410.07,1089.00 1410.07,1089.00
             1409.66,1095.10 1406.60,1102.88 1400.00,1104.00
             1400.00,1096.57 1400.05,1082.96 1398.47,1076.00
             1398.47,1076.00 1395.49,1067.00 1395.49,1067.00
             1393.85,1061.05 1392.37,1055.74 1389.99,1050.00
             1388.69,1046.88 1384.90,1038.55 1383.01,1036.13
             1380.39,1032.77 1377.84,1032.52 1377.40,1029.78
             1376.84,1026.32 1382.07,1019.14 1384.00,1016.00 Z
           M 1366.00,1044.00
           C 1366.00,1044.00 1368.00,1044.00 1368.00,1044.00
             1368.00,1044.00 1365.00,1049.00 1365.00,1049.00
             1365.00,1049.00 1366.00,1044.00 1366.00,1044.00 Z
           M 1364.00,1050.00
           C 1364.67,1056.82 1359.01,1063.10 1354.00,1067.00
             1352.26,1058.92 1358.81,1055.14 1364.00,1050.00 Z" />
</svg>
