<?xml version="1.0" encoding="UTF-8" standalone="no"?>
<!DOCTYPE svg PUBLIC "-//W3C//DTD SVG 20010904//EN"
              "http://www.w3.org/TR/2001/REC-SVG-20010904/DTD/svg10.dtd">

<svg xmlns="http://www.w3.org/2000/svg"
     width="5.74667in" height="8.4in"
     viewBox="0 0 1724 2520">
  <path id="V-1"
        fill="none" stroke="black" stroke-width="1"
        d="M 396.00,1325.11
           C 395.28,1329.30 392.92,1334.76 388.87,1336.98
             387.41,1337.79 385.65,1337.99 384.00,1337.87
             377.32,1337.41 376.24,1331.57 377.34,1326.00
             378.20,1321.64 380.13,1318.53 382.00,1314.62
             385.57,1307.18 391.76,1296.66 396.75,1290.18
             399.67,1286.38 407.38,1282.50 409.50,1284.38
             412.56,1286.55 413.75,1291.53 414.38,1295.00
             414.38,1295.00 415.00,1322.00 415.00,1322.00
             417.65,1324.51 426.75,1299.50 438.00,1291.61
             439.91,1290.02 444.70,1285.05 447.00,1284.88
             449.45,1284.68 452.32,1287.69 453.91,1289.32
             459.20,1294.76 460.81,1300.54 463.97,1307.00
             473.71,1326.97 473.74,1345.28 463.02,1365.00
             459.03,1372.34 457.75,1375.97 450.00,1380.00
             451.37,1375.36 455.06,1371.67 457.39,1367.00
             460.67,1360.44 462.25,1351.32 461.96,1344.00
             461.54,1333.17 456.03,1318.48 450.88,1309.01
             448.76,1305.12 445.22,1299.30 440.00,1301.19
             430.18,1304.75 425.99,1314.57 421.46,1323.00
             412.82,1339.07 412.73,1349.37 411.96,1367.00
             411.96,1367.00 411.00,1383.00 411.00,1383.00
             411.01,1391.42 411.28,1407.68 417.12,1414.00
             419.47,1416.53 423.04,1416.38 426.00,1418.00
             422.73,1425.06 415.12,1432.61 408.93,1422.94
             404.09,1415.38 402.22,1403.86 402.01,1395.00
             402.01,1395.00 403.00,1380.00 403.00,1380.00
             403.00,1380.00 405.00,1349.00 405.00,1349.00
             405.00,1349.00 405.79,1316.00 405.79,1316.00
             406.00,1312.84 406.01,1311.18 405.79,1308.00
             405.79,1308.00 405.38,1300.88 405.38,1300.88
             404.64,1298.49 403.53,1294.92 400.62,1296.25
             398.99,1297.00 396.01,1299.24 394.88,1300.75
             392.89,1303.40 388.33,1311.05 387.39,1314.01
             386.27,1317.54 385.82,1325.25 390.00,1326.38
             391.49,1326.93 394.50,1325.22 396.00,1325.11 Z
           M 440.00,1340.00
           C 445.29,1344.12 444.99,1345.66 445.00,1352.00
             445.02,1362.62 445.67,1377.00 442.17,1387.00
             440.80,1390.92 437.65,1395.42 435.42,1399.00
             431.38,1403.45 429.20,1408.57 425.00,1411.00
             422.99,1409.48 437.35,1391.11 434.70,1388.00
             434.70,1388.00 436.00,1362.00 436.00,1362.00
             436.00,1362.00 434.38,1350.00 434.38,1350.00
             434.38,1350.00 440.00,1340.00 440.00,1340.00 Z
           M 447.25,1284.38M 439.12,1289.50" />
</svg>
