<?xml version="1.0" encoding="UTF-8" standalone="no"?>
<!DOCTYPE svg PUBLIC "-//W3C//DTD SVG 20010904//EN"
              "http://www.w3.org/TR/2001/REC-SVG-20010904/DTD/svg10.dtd">

<svg xmlns="http://www.w3.org/2000/svg"
     width="5.74667in" height="8.4in"
     viewBox="0 0 1724 2520">
  <path id="V-2"
        fill="none" stroke="black" stroke-width="1"
        d="M 578.00,1410.00
           C 577.14,1415.22 577.02,1413.87 575.04,1418.17
             574.16,1420.07 573.69,1422.19 572.42,1423.89
             567.96,1429.86 561.31,1427.95 557.24,1422.76
             547.91,1410.88 545.40,1398.32 542.51,1384.00
             542.51,1384.00 541.04,1364.00 541.04,1364.00
             541.04,1364.00 541.82,1356.00 541.82,1356.00
             541.82,1356.00 541.32,1348.00 541.32,1348.00
             541.32,1348.00 543.00,1332.00 543.00,1332.00
             543.00,1332.00 544.91,1306.00 544.91,1306.00
             544.80,1304.65 544.61,1303.30 544.20,1302.01
             542.75,1297.48 540.42,1295.79 537.09,1300.08
             534.52,1303.39 530.56,1310.82 530.01,1315.00
             529.02,1322.33 536.41,1321.28 534.77,1327.02
             532.51,1334.90 522.31,1339.51 519.76,1329.00
             518.93,1325.58 520.21,1321.33 521.15,1318.00
             523.98,1307.97 531.49,1297.37 538.72,1290.00
             542.94,1285.70 545.38,1281.47 552.00,1282.00
             551.64,1288.47 555.37,1292.81 554.91,1301.00
             554.91,1301.00 552.06,1325.00 552.06,1325.00
             552.06,1325.00 552.06,1334.00 552.06,1334.00
             552.06,1334.00 550.96,1348.00 550.96,1348.00
             550.96,1348.00 550.18,1356.00 550.18,1356.00
             550.18,1362.54 552.78,1376.24 554.09,1383.00
             555.58,1390.65 558.69,1398.94 563.62,1405.00
             565.47,1407.27 568.00,1410.46 571.00,1411.08
             572.80,1411.45 576.12,1410.42 578.00,1410.00 Z
           M 587.00,1294.00
           C 587.00,1294.00 577.87,1302.17 577.87,1302.17
             566.62,1315.85 566.92,1326.30 565.05,1343.00
             564.74,1345.78 563.90,1350.46 564.02,1353.00
             564.68,1358.45 568.10,1359.68 564.02,1365.98
             562.97,1367.35 561.53,1369.19 559.96,1369.83
             555.31,1371.75 554.25,1362.84 554.47,1360.00
             554.47,1360.00 556.08,1343.00 556.08,1343.00
             556.08,1343.00 558.66,1330.00 558.66,1330.00
             559.10,1324.95 556.51,1323.26 558.12,1319.04
             559.26,1316.05 563.99,1311.46 566.26,1308.93
             566.26,1308.93 575.35,1297.01 575.35,1297.01
             575.35,1297.01 582.42,1289.20 582.42,1289.20
             586.71,1284.77 591.30,1279.34 597.91,1283.74
             600.56,1285.50 603.89,1290.34 605.87,1293.00
             619.42,1311.18 617.14,1328.84 607.06,1348.00
             607.06,1348.00 598.14,1366.00 598.14,1366.00
             597.26,1367.94 595.05,1371.94 595.23,1373.94
             595.46,1376.45 597.12,1377.01 599.00,1378.00
             597.53,1381.47 592.36,1391.51 587.41,1388.77
             586.09,1388.03 585.24,1386.38 584.90,1384.96
             583.57,1379.24 590.55,1371.09 593.05,1364.00
             593.05,1364.00 595.27,1357.00 595.27,1357.00
             595.27,1357.00 603.49,1342.00 603.49,1342.00
             603.49,1342.00 604.28,1335.00 604.28,1335.00
             605.90,1321.56 605.24,1317.36 597.67,1306.00
             593.28,1299.43 593.12,1299.07 587.00,1294.00 Z" />
</svg>
