<?xml version="1.0" encoding="UTF-8" standalone="no"?>
<!DOCTYPE svg PUBLIC "-//W3C//DTD SVG 20010904//EN"
              "http://www.w3.org/TR/2001/REC-SVG-20010904/DTD/svg10.dtd">

<svg xmlns="http://www.w3.org/2000/svg"
     width="5.74667in" height="8.4in"
     viewBox="0 0 1724 2520">
  <path id="W-1"
        fill="none" stroke="black" stroke-width="1"
        d="M 1069.00,1320.00
           C 1062.19,1323.52 1061.51,1329.94 1056.04,1330.22
             1048.80,1330.59 1049.05,1322.82 1049.73,1318.00
             1050.59,1311.91 1055.96,1294.31 1059.03,1289.28
             1060.29,1287.22 1063.69,1282.35 1066.05,1281.82
             1069.27,1281.11 1070.36,1284.75 1071.29,1287.02
             1071.29,1287.02 1078.55,1309.00 1078.55,1309.00
             1078.55,1309.00 1081.50,1324.00 1081.50,1324.00
             1081.50,1324.00 1087.54,1348.00 1087.54,1348.00
             1087.54,1348.00 1089.29,1363.00 1089.29,1363.00
             1089.29,1363.00 1091.72,1377.00 1091.72,1377.00
             1091.72,1377.00 1095.00,1405.00 1095.00,1405.00
             1095.00,1405.00 1097.00,1405.00 1097.00,1405.00
             1097.00,1405.00 1104.83,1389.29 1104.83,1389.29
             1104.83,1389.29 1110.98,1380.91 1110.98,1380.91
             1110.98,1380.91 1108.17,1358.00 1108.17,1358.00
             1108.17,1358.00 1106.68,1344.00 1106.68,1344.00
             1106.68,1344.00 1105.18,1337.00 1105.18,1337.00
             1105.18,1337.00 1102.57,1316.00 1102.57,1316.00
             1102.57,1316.00 1099.00,1298.00 1099.00,1298.00
             1093.95,1300.77 1090.85,1308.34 1090.49,1314.00
             1090.49,1314.00 1090.49,1321.00 1090.49,1321.00
             1090.49,1321.00 1088.00,1331.00 1088.00,1331.00
             1084.63,1328.59 1086.01,1327.69 1085.39,1324.00
             1084.85,1320.83 1083.61,1319.50 1084.25,1316.00
             1085.36,1309.89 1092.60,1302.32 1094.71,1294.00
             1095.60,1290.46 1098.80,1280.65 1103.91,1281.82
             1106.95,1282.52 1108.17,1287.41 1108.98,1290.00
             1113.45,1304.29 1111.70,1300.05 1113.42,1313.00
             1113.42,1313.00 1120.83,1365.00 1120.83,1365.00
             1120.83,1365.00 1123.08,1389.00 1123.08,1389.00
             1123.08,1389.00 1123.08,1398.00 1123.08,1398.00
             1123.08,1398.00 1126.00,1409.00 1126.00,1409.00
             1126.00,1409.00 1128.00,1409.00 1128.00,1409.00
             1130.22,1403.21 1134.66,1396.43 1139.00,1392.00
             1137.93,1397.73 1129.83,1413.10 1126.38,1418.00
             1124.71,1420.37 1121.55,1424.74 1118.19,1422.93
             1115.12,1421.28 1114.38,1416.12 1114.07,1413.00
             1114.07,1413.00 1112.00,1386.00 1112.00,1386.00
             1106.53,1390.79 1106.94,1392.93 1103.98,1398.72
             1099.61,1407.25 1097.05,1412.84 1094.00,1422.00
             1094.00,1422.00 1087.00,1422.00 1087.00,1422.00
             1082.07,1410.24 1083.35,1397.35 1081.57,1385.00
             1081.57,1385.00 1074.99,1347.00 1074.99,1347.00
             1074.99,1347.00 1069.00,1320.00 1069.00,1320.00 Z
           M 1118.00,1313.00
           C 1120.30,1303.20 1124.84,1295.67 1131.25,1288.00
             1133.69,1285.09 1136.01,1281.86 1140.01,1281.24
             1144.12,1280.61 1153.19,1285.00 1154.26,1289.13
             1155.20,1292.76 1149.30,1299.89 1147.39,1303.00
             1141.15,1313.17 1134.90,1339.97 1151.00,1344.00
             1149.14,1350.32 1141.38,1359.31 1134.78,1352.35
             1131.55,1348.94 1131.02,1343.42 1131.00,1339.00
             1130.92,1322.32 1132.36,1317.80 1139.88,1303.00
             1141.77,1299.27 1141.21,1296.68 1137.27,1294.69
             1133.21,1292.64 1131.16,1295.84 1129.58,1299.02
             1126.17,1305.88 1126.12,1310.87 1118.00,1313.00 Z
           M 1061.00,1298.00
           C 1059.28,1301.72 1055.93,1319.25 1063.87,1317.63
             1070.59,1316.26 1063.10,1301.23 1061.00,1298.00 Z" />
</svg>
