<?xml version="1.0" encoding="UTF-8" standalone="no"?>
<!DOCTYPE svg PUBLIC "-//W3C//DTD SVG 20010904//EN"
              "http://www.w3.org/TR/2001/REC-SVG-20010904/DTD/svg10.dtd">

<svg xmlns="http://www.w3.org/2000/svg"
     width="5.61333in" height="8.16in"
     viewBox="0 0 1684 2448">
  <path id="w-1"
        fill="none" stroke="black" stroke-width="1"
        d="M 1510.00,1040.00
           C 1513.73,1036.08 1517.27,1023.10 1520.46,1017.00
             1521.93,1014.20 1524.08,1010.15 1527.13,1008.89
             1533.99,1006.08 1538.36,1014.51 1539.52,1020.00
             1539.52,1020.00 1540.27,1028.00 1540.27,1028.00
             1540.80,1033.78 1539.82,1034.53 1538.60,1040.00
             1535.95,1051.89 1530.34,1066.87 1520.00,1074.00
             1519.53,1067.46 1524.16,1065.59 1527.33,1059.96
             1531.79,1051.54 1535.17,1030.66 1527.33,1023.29
             1521.43,1017.55 1518.69,1034.62 1517.73,1038.00
             1513.93,1051.36 1512.61,1066.15 1513.49,1080.00
             1513.77,1084.52 1512.47,1087.77 1512.24,1092.00
             1511.97,1097.04 1512.89,1100.21 1509.08,1104.65
             1507.71,1106.26 1504.80,1108.32 1503.51,1105.63
             1502.38,1103.97 1503.18,1098.96 1503.51,1097.00
             1503.51,1097.00 1503.51,1082.00 1503.51,1082.00
             1503.51,1082.00 1503.51,1072.00 1503.51,1072.00
             1503.51,1072.00 1501.18,1059.00 1501.18,1059.00
             1499.65,1045.64 1501.57,1045.94 1496.00,1033.00
             1493.15,1036.78 1488.26,1041.34 1487.65,1046.00
             1487.04,1050.68 1489.11,1060.07 1489.86,1065.00
             1490.60,1072.18 1490.05,1078.86 1489.86,1086.00
             1489.95,1093.92 1488.73,1102.21 1480.06,1105.00
             1480.06,1105.00 1480.06,1096.00 1480.06,1096.00
             1480.06,1096.00 1481.04,1090.00 1481.04,1090.00
             1481.04,1090.00 1479.96,1083.00 1479.96,1083.00
             1479.96,1083.00 1479.96,1073.00 1479.96,1073.00
             1479.01,1064.47 1477.20,1056.24 1475.02,1048.00
             1473.12,1040.78 1471.90,1031.89 1466.00,1027.00
             1466.00,1027.00 1460.01,1039.00 1460.01,1039.00
             1458.12,1043.47 1457.25,1049.24 1453.00,1052.00
             1453.06,1049.43 1453.06,1047.52 1453.79,1045.00
             1455.80,1038.01 1467.59,1018.62 1472.00,1012.00
             1473.41,1012.55 1474.03,1012.54 1475.22,1013.72
             1478.63,1017.12 1482.66,1031.87 1484.00,1037.00
             1488.61,1033.21 1496.34,1017.95 1499.00,1012.00
             1499.00,1012.00 1502.49,1014.29 1502.49,1014.29
             1502.49,1014.29 1509.13,1027.00 1509.13,1027.00
             1509.13,1027.00 1510.00,1040.00 1510.00,1040.00 Z" />
</svg>
