<?xml version="1.0" encoding="UTF-8" standalone="no"?>
<!DOCTYPE svg PUBLIC "-//W3C//DTD SVG 20010904//EN"
              "http://www.w3.org/TR/2001/REC-SVG-20010904/DTD/svg10.dtd">

<svg xmlns="http://www.w3.org/2000/svg"
     width="5.61333in" height="8.16in"
     viewBox="0 0 1684 2448">
  <path id="x-1"
        fill="none" stroke="black" stroke-width="1"
        d="M 1115.00,1282.00
           C 1123.60,1277.31 1132.16,1256.02 1143.58,1251.07
             1148.52,1248.93 1152.73,1251.30 1151.35,1257.00
             1149.90,1262.93 1145.17,1268.98 1140.00,1272.00
             1139.70,1270.17 1139.76,1264.82 1138.36,1263.91
             1136.28,1262.56 1133.64,1265.70 1132.42,1267.02
             1129.83,1269.85 1119.40,1281.79 1118.84,1285.00
             1118.26,1288.38 1121.41,1293.19 1123.04,1296.00
             1124.73,1298.91 1127.65,1305.75 1128.82,1309.00
             1130.38,1313.35 1134.56,1325.27 1140.82,1324.38
             1143.11,1324.06 1146.54,1318.85 1147.77,1316.93
             1151.69,1310.81 1153.53,1306.25 1161.00,1304.00
             1159.56,1308.52 1155.02,1313.02 1152.15,1317.00
             1152.15,1317.00 1139.25,1337.00 1139.25,1337.00
             1137.29,1339.88 1133.44,1346.04 1129.22,1343.92
             1125.85,1342.23 1124.95,1335.40 1123.69,1332.00
             1123.69,1332.00 1119.54,1319.00 1119.54,1319.00
             1119.54,1319.00 1110.00,1299.00 1110.00,1299.00
             1110.00,1299.00 1099.88,1317.00 1099.88,1317.00
             1099.88,1317.00 1095.00,1328.00 1095.00,1328.00
             1095.00,1328.00 1093.50,1330.62 1093.50,1330.62
             1087.88,1338.75 1087.86,1339.07 1086.58,1348.00
             1084.34,1363.61 1089.60,1379.79 1099.39,1391.92
             1102.30,1395.52 1106.50,1400.62 1111.88,1404.25
             1114.75,1406.25 1123.45,1409.52 1125.88,1407.38
             1135.47,1398.85 1141.62,1386.25 1152.00,1375.00
             1150.35,1378.13 1150.00,1379.25 1148.00,1381.50
             1139.00,1397.75 1148.12,1381.88 1137.12,1399.38
             1135.65,1402.29 1129.54,1412.93 1126.25,1413.88
             1123.65,1414.62 1119.56,1420.92 1116.00,1420.41
             1113.57,1420.06 1111.61,1420.61 1109.00,1419.77
             1105.61,1418.67 1100.77,1414.16 1098.00,1411.72
             1083.86,1399.22 1077.96,1383.52 1078.00,1365.00
             1078.03,1352.02 1085.81,1335.68 1091.16,1324.00
             1091.16,1324.00 1095.11,1315.00 1095.11,1315.00
             1097.94,1309.78 1105.55,1301.02 1106.04,1295.00
             1106.44,1290.08 1099.16,1280.28 1096.25,1276.04
             1094.87,1274.05 1093.10,1271.25 1090.24,1272.40
             1088.26,1273.19 1085.30,1278.13 1084.02,1280.00
             1078.20,1288.57 1077.21,1294.72 1069.00,1301.00
             1067.50,1294.44 1070.51,1292.22 1073.92,1287.00
             1073.92,1287.00 1084.29,1271.00 1084.29,1271.00
             1088.79,1263.35 1089.98,1257.54 1099.00,1254.00
             1103.12,1264.96 1113.07,1271.82 1115.00,1282.00 Z
           M 1164.00,1298.00
           C 1164.00,1298.00 1165.00,1298.00 1165.00,1298.00
             1165.00,1298.00 1164.00,1299.00 1164.00,1299.00
             1164.00,1299.00 1164.00,1298.00 1164.00,1298.00 Z
           M 1135.00,1346.00
           C 1135.00,1346.00 1136.00,1346.00 1136.00,1346.00
             1136.00,1346.00 1135.00,1347.00 1135.00,1347.00
             1135.00,1347.00 1135.00,1346.00 1135.00,1346.00 Z" />
</svg>
