<?xml version="1.0" encoding="UTF-8" standalone="no"?>
<!DOCTYPE svg PUBLIC "-//W3C//DTD SVG 20010904//EN"
              "http://www.w3.org/TR/2001/REC-SVG-20010904/DTD/svg10.dtd">

<svg xmlns="http://www.w3.org/2000/svg"
     width="5.74667in" height="8.4in"
     viewBox="0 0 1724 2520">
  <path id="X-1"
        fill="none" stroke="black" stroke-width="1"
        d="M 1540.00,1335.00
           C 1542.68,1323.12 1548.67,1312.45 1554.72,1302.00
             1559.04,1294.53 1567.34,1280.89 1576.00,1278.25
             1578.27,1277.87 1581.60,1278.00 1584.00,1278.25
             1583.62,1283.28 1581.34,1288.40 1576.00,1290.40
             1571.68,1292.02 1569.75,1289.15 1564.09,1295.59
             1557.58,1303.01 1548.83,1324.24 1546.00,1334.00
             1546.00,1334.00 1564.00,1335.61 1564.00,1335.61
             1564.00,1335.61 1575.00,1335.00 1575.00,1335.00
             1571.20,1348.02 1563.68,1347.98 1552.00,1348.00
             1549.80,1348.00 1546.17,1347.79 1544.31,1349.02
             1540.20,1351.75 1541.10,1361.89 1542.30,1366.00
             1543.68,1370.71 1546.95,1374.75 1549.38,1379.00
             1549.38,1379.00 1553.69,1387.96 1553.69,1387.96
             1556.07,1392.27 1565.43,1403.26 1569.00,1407.00
             1569.00,1407.00 1586.35,1381.00 1586.35,1381.00
             1586.35,1381.00 1595.00,1371.00 1595.00,1371.00
             1593.48,1378.49 1588.53,1382.74 1584.43,1388.91
             1584.43,1388.91 1564.00,1422.00 1564.00,1422.00
             1558.67,1419.26 1555.04,1413.83 1551.66,1409.00
             1545.30,1399.91 1542.77,1396.79 1539.00,1386.00
             1539.00,1386.00 1537.00,1386.00 1537.00,1386.00
             1532.99,1400.96 1530.70,1409.35 1523.14,1423.00
             1523.14,1423.00 1518.51,1431.00 1518.51,1431.00
             1518.51,1431.00 1511.17,1439.00 1511.17,1439.00
             1506.83,1443.79 1504.70,1446.84 1499.00,1450.52
             1499.00,1450.52 1485.00,1456.00 1485.00,1456.00
             1484.68,1452.01 1486.99,1445.86 1491.10,1444.28
             1494.13,1443.11 1496.14,1445.85 1501.00,1442.49
             1501.00,1442.49 1515.11,1427.61 1515.11,1427.61
             1524.27,1417.80 1520.19,1418.45 1523.32,1410.00
             1529.17,1394.23 1532.20,1379.90 1532.00,1363.00
             1531.95,1359.27 1531.42,1352.22 1528.49,1349.60
             1523.83,1345.42 1513.92,1350.64 1507.00,1349.00
             1510.07,1339.36 1514.31,1336.79 1524.00,1336.00
             1521.60,1331.34 1512.51,1318.33 1506.17,1321.13
             1502.20,1322.88 1502.29,1327.80 1496.00,1331.00
             1497.23,1325.86 1498.69,1324.37 1501.30,1320.00
             1503.68,1316.03 1505.19,1310.18 1509.09,1307.61
             1512.91,1305.10 1517.37,1307.68 1520.72,1309.87
             1532.78,1317.79 1533.00,1326.22 1540.00,1335.00 Z" />
</svg>
