<?xml version="1.0" encoding="UTF-8" standalone="no"?>
<!DOCTYPE svg PUBLIC "-//W3C//DTD SVG 20010904//EN"
              "http://www.w3.org/TR/2001/REC-SVG-20010904/DTD/svg10.dtd">

<svg xmlns="http://www.w3.org/2000/svg"
     width="5.61333in" height="8.16in"
     viewBox="0 0 1684 2448">
  <path id="y-1"
        fill="none" stroke="black" stroke-width="1"
        d="M 1405.00,1296.00
           C 1404.59,1290.97 1406.52,1289.31 1408.74,1285.00
             1412.84,1277.07 1420.32,1267.16 1425.92,1260.00
             1429.08,1255.96 1430.06,1252.62 1435.00,1251.00
             1435.00,1251.00 1436.05,1261.00 1436.05,1261.00
             1436.05,1261.00 1438.57,1276.00 1438.57,1276.00
             1438.57,1276.00 1445.00,1318.00 1445.00,1318.00
             1449.11,1315.54 1451.77,1307.44 1454.42,1303.01
             1454.42,1303.01 1460.41,1294.91 1460.41,1294.91
             1465.45,1287.85 1469.41,1280.04 1472.65,1272.00
             1475.11,1265.89 1473.62,1257.97 1485.01,1253.00
             1486.83,1259.64 1485.17,1269.15 1485.01,1276.00
             1485.01,1276.00 1486.00,1293.00 1486.00,1293.00
             1486.00,1293.00 1486.00,1309.00 1486.00,1309.00
             1486.00,1309.00 1484.00,1335.00 1484.00,1335.00
             1484.00,1335.00 1483.00,1368.00 1483.00,1368.00
             1483.00,1368.00 1479.84,1395.00 1479.84,1395.00
             1479.84,1395.00 1479.84,1404.00 1479.84,1404.00
             1478.65,1410.15 1471.52,1426.94 1467.32,1431.31
             1467.32,1431.31 1462.03,1435.46 1462.03,1435.46
             1458.64,1438.20 1454.31,1441.73 1449.91,1442.70
             1445.36,1443.72 1439.66,1443.07 1436.19,1439.77
             1427.73,1431.75 1432.32,1416.94 1438.21,1413.45
             1440.12,1412.32 1441.88,1412.23 1444.00,1412.00
             1444.83,1416.74 1445.49,1419.71 1442.35,1423.90
             1439.95,1427.10 1434.34,1429.13 1436.42,1433.96
             1439.49,1441.10 1446.47,1440.70 1452.00,1437.13
             1452.00,1437.13 1458.99,1433.16 1458.99,1433.16
             1465.44,1428.95 1468.21,1422.27 1469.54,1415.00
             1472.39,1399.34 1473.93,1376.00 1474.00,1360.00
             1474.00,1360.00 1475.09,1331.00 1475.09,1331.00
             1475.09,1331.00 1476.00,1319.00 1476.00,1319.00
             1476.00,1319.00 1476.00,1301.00 1476.00,1301.00
             1476.00,1301.00 1475.04,1290.00 1475.04,1290.00
             1475.04,1290.00 1475.04,1276.00 1475.04,1276.00
             1475.04,1276.00 1463.73,1297.68 1463.73,1297.68
             1463.73,1297.68 1453.04,1312.00 1453.04,1312.00
             1453.04,1312.00 1449.49,1321.00 1449.49,1321.00
             1449.49,1321.00 1443.38,1333.00 1443.38,1333.00
             1443.38,1333.00 1438.00,1346.00 1438.00,1346.00
             1438.00,1346.00 1436.00,1346.00 1436.00,1346.00
             1436.00,1346.00 1433.36,1332.00 1433.36,1332.00
             1433.36,1332.00 1428.00,1320.00 1428.00,1320.00
             1433.41,1316.87 1430.94,1312.12 1429.74,1307.00
             1429.74,1307.00 1427.10,1292.00 1427.10,1292.00
             1427.10,1292.00 1427.64,1282.00 1427.64,1282.00
             1427.64,1282.00 1425.00,1271.00 1425.00,1271.00
             1415.92,1276.36 1412.19,1289.28 1405.00,1296.00 Z" />
</svg>
