<?xml version="1.0" encoding="UTF-8" standalone="no"?>
<!DOCTYPE svg PUBLIC "-//W3C//DTD SVG 20010904//EN"
              "http://www.w3.org/TR/2001/REC-SVG-20010904/DTD/svg10.dtd">

<svg xmlns="http://www.w3.org/2000/svg"
     width="5.74667in" height="8.4in"
     viewBox="0 0 1724 2520">
  <path id="Y-1"
        fill="none" stroke="black" stroke-width="1"
        d="M 232.00,1542.00
           C 231.31,1539.35 230.36,1536.75 230.10,1534.00
             228.79,1519.92 238.12,1504.18 246.51,1493.51
             246.51,1493.51 250.49,1488.82 250.49,1488.82
             252.83,1485.72 256.43,1478.72 261.44,1482.00
             264.95,1484.29 264.98,1490.30 265.00,1494.00
             265.00,1494.00 264.00,1518.00 264.00,1518.00
             264.00,1518.00 263.04,1528.00 263.04,1528.00
             263.04,1528.00 263.04,1540.00 263.04,1540.00
             263.04,1540.00 262.00,1555.00 262.00,1555.00
             262.00,1555.00 262.00,1576.00 262.00,1576.00
             262.00,1576.00 260.09,1599.00 260.09,1599.00
             260.21,1601.15 260.66,1611.01 263.92,1610.38
             265.64,1610.05 266.84,1607.36 267.59,1605.99
             267.59,1605.99 275.16,1592.00 275.16,1592.00
             275.16,1592.00 287.49,1570.00 287.49,1570.00
             290.11,1564.05 290.00,1559.24 293.59,1552.42
             296.15,1547.54 305.38,1532.29 305.74,1528.06
             306.08,1524.00 302.63,1524.88 300.41,1521.71
             298.55,1519.05 298.09,1515.16 298.01,1512.00
             297.82,1503.89 300.88,1496.11 307.21,1490.72
             307.21,1490.72 314.00,1486.46 314.00,1486.46
             317.66,1483.83 320.62,1479.08 323.30,1481.04
             327.57,1484.16 321.36,1493.43 320.32,1499.00
             320.32,1499.00 311.96,1557.00 311.96,1557.00
             311.96,1557.00 311.96,1571.00 311.96,1571.00
             311.96,1571.00 311.11,1583.00 311.11,1583.00
             311.11,1583.00 311.11,1599.00 311.11,1599.00
             311.11,1599.00 311.11,1633.00 311.11,1633.00
             311.11,1633.00 311.11,1647.00 311.11,1647.00
             311.02,1660.08 313.91,1665.81 309.56,1680.00
             308.05,1684.92 304.43,1690.40 301.86,1695.00
             292.84,1711.16 277.46,1731.75 257.00,1732.00
             252.57,1732.05 249.42,1732.03 245.00,1731.42
             241.81,1730.99 238.08,1730.89 235.09,1729.74
             217.64,1723.05 233.83,1700.48 238.44,1690.00
             249.59,1664.64 267.17,1650.06 283.23,1629.00
             287.51,1623.38 298.62,1611.68 300.44,1606.00
             301.24,1603.51 300.97,1598.78 301.00,1596.00
             301.00,1596.00 301.98,1585.00 301.98,1585.00
             301.98,1585.00 301.98,1568.00 301.98,1568.00
             301.98,1568.00 304.00,1545.00 304.00,1545.00
             295.59,1555.90 295.36,1563.44 289.74,1575.00
             289.74,1575.00 271.17,1607.00 271.17,1607.00
             266.74,1615.00 265.73,1626.36 256.00,1630.00
             256.84,1615.75 251.50,1617.90 252.04,1604.00
             252.04,1604.00 253.00,1591.00 253.00,1591.00
             253.00,1591.00 253.00,1548.00 253.00,1548.00
             253.00,1548.00 254.00,1533.00 254.00,1533.00
             254.00,1533.00 254.00,1526.00 254.00,1526.00
             254.15,1513.49 258.09,1507.28 254.00,1494.00
             254.00,1494.00 251.00,1494.00 251.00,1494.00
             251.00,1494.00 240.19,1515.00 240.19,1515.00
             238.32,1521.47 239.49,1523.73 240.19,1530.00
             240.19,1530.00 247.00,1530.00 247.00,1530.00
             242.46,1538.30 240.90,1539.60 232.00,1542.00 Z
           M 313.00,1492.00
           C 313.00,1492.00 311.00,1492.00 311.00,1492.00
             307.26,1498.76 308.00,1499.52 308.00,1507.00
             308.00,1507.00 310.00,1507.00 310.00,1507.00
             310.00,1507.00 313.00,1492.00 313.00,1492.00 Z
           M 288.00,1511.00
           C 288.00,1511.00 289.00,1511.00 289.00,1511.00
             289.00,1511.00 288.00,1512.00 288.00,1512.00
             288.00,1512.00 288.00,1511.00 288.00,1511.00 Z
           M 315.00,1596.00
           C 317.47,1591.71 321.33,1589.85 324.90,1586.56
             328.96,1582.82 328.30,1580.97 334.00,1580.00
             330.57,1587.87 322.58,1592.61 315.00,1596.00 Z
           M 301.20,1618.00
           C 295.52,1621.09 289.17,1630.20 284.55,1635.28
             269.10,1652.30 256.08,1667.62 247.09,1689.00
             244.46,1695.25 234.89,1708.61 239.16,1714.79
             243.28,1720.75 259.19,1721.09 266.00,1721.00
             274.31,1720.89 283.87,1715.39 288.95,1708.83
             291.73,1705.23 294.98,1698.23 297.01,1694.00
             300.85,1686.04 303.32,1682.35 302.96,1673.00
             302.96,1673.00 302.00,1657.00 302.00,1657.00
             302.00,1657.00 301.20,1647.00 301.20,1647.00
             301.20,1647.00 301.20,1638.00 301.20,1638.00
             301.20,1638.00 301.20,1618.00 301.20,1618.00 Z" />
</svg>
