<?xml version="1.0" encoding="UTF-8" standalone="no"?>
<!DOCTYPE svg PUBLIC "-//W3C//DTD SVG 20010904//EN"
              "http://www.w3.org/TR/2001/REC-SVG-20010904/DTD/svg10.dtd">

<svg xmlns="http://www.w3.org/2000/svg"
     width="5.74667in" height="8.4in"
     viewBox="0 0 1724 2520">
  <path id="Z-1"
        fill="none" stroke="black" stroke-width="1"
        d="M 411.67,1552.67
           C 411.07,1548.64 440.09,1506.51 454.00,1498.17
             458.23,1494.43 466.55,1489.14 471.99,1487.40
             474.23,1487.03 476.02,1487.22 478.28,1487.40
             490.81,1486.83 502.43,1490.48 508.91,1502.00
             514.79,1512.46 513.82,1528.73 510.84,1540.00
             508.28,1549.74 502.34,1558.05 496.12,1565.82
             493.70,1568.84 487.35,1574.44 486.86,1578.00
             486.49,1580.68 488.56,1583.05 490.10,1585.00
             490.10,1585.00 501.00,1598.00 501.00,1598.00
             506.35,1590.53 515.88,1581.37 524.00,1577.00
             523.71,1581.83 521.29,1582.83 518.00,1586.04
             514.61,1589.34 504.71,1599.76 503.65,1604.00
             502.99,1606.61 504.24,1610.32 504.74,1613.00
             505.59,1617.56 506.64,1626.53 506.17,1631.00
             505.52,1637.15 504.01,1648.21 502.41,1654.00
             497.69,1671.03 484.68,1692.38 473.54,1706.00
             466.09,1715.11 463.31,1718.47 453.00,1724.19
             450.68,1725.48 448.52,1727.09 446.00,1727.97
             443.62,1728.81 441.44,1728.86 439.00,1729.15
             436.38,1729.47 433.64,1730.13 431.00,1729.77
             425.07,1728.99 418.57,1722.53 416.70,1717.00
             415.85,1714.48 415.97,1710.69 416.00,1708.00
             416.12,1698.48 419.77,1693.31 423.63,1685.00
             432.99,1664.83 451.27,1645.68 467.08,1630.07
             467.08,1630.07 480.13,1616.18 480.13,1616.18
             481.80,1614.48 485.40,1611.65 486.45,1609.82
             487.20,1608.50 487.46,1607.50 487.12,1606.00
             486.37,1602.61 477.46,1591.89 473.96,1591.32
             470.55,1590.77 467.47,1594.68 465.00,1596.62
             461.26,1599.57 455.79,1602.35 451.00,1602.80
             434.45,1604.38 447.91,1588.67 453.00,1584.19
             456.30,1581.28 465.65,1575.66 470.00,1575.25
             474.64,1574.82 476.87,1577.73 479.83,1576.71
             483.26,1575.52 491.41,1564.40 493.67,1561.00
             503.20,1546.60 508.02,1520.91 494.67,1507.21
             492.16,1504.63 485.45,1501.16 482.00,1499.96
             478.55,1498.76 474.62,1498.94 471.00,1499.00
             462.41,1499.15 455.81,1503.98 449.76,1509.66
             433.00,1522.00 420.33,1545.00 411.67,1552.67 Z
           M 467.00,1587.00
           C 460.85,1586.19 456.56,1586.09 455.00,1593.00
             460.00,1592.58 465.14,1592.29 467.00,1587.00 Z
           M 492.00,1615.00
           C 480.02,1621.99 470.21,1634.48 460.40,1644.12
             446.62,1657.65 427.02,1680.79 427.00,1701.00
             427.00,1705.07 426.61,1708.39 429.03,1711.95
             433.39,1718.37 437.49,1717.52 444.00,1717.09
             452.75,1716.51 455.63,1717.49 462.91,1710.79
             469.08,1705.12 476.27,1694.40 480.41,1687.00
             480.41,1687.00 490.05,1668.00 490.05,1668.00
             495.48,1653.47 497.40,1629.66 492.00,1615.00 Z
           M 461.67,1540.00M 468.67,1524.00" />
</svg>
