<?xml version="1.0" encoding="UTF-8" standalone="no"?>
<!DOCTYPE svg PUBLIC "-//W3C//DTD SVG 20010904//EN"
              "http://www.w3.org/TR/2001/REC-SVG-20010904/DTD/svg10.dtd">

<svg xmlns="http://www.w3.org/2000/svg"
     width="5.61333in" height="8.16in"
     viewBox="0 0 1684 2448">
  <path id="z-1"
        fill="none" stroke="black" stroke-width="1"
        d="M 227.00,1542.00
           C 227.57,1535.09 231.37,1533.96 235.71,1528.72
             235.71,1528.72 252.79,1508.00 252.79,1508.00
             257.26,1502.54 260.22,1497.26 268.00,1496.00
             267.03,1497.53 265.05,1500.30 264.73,1502.00
             264.12,1505.21 267.05,1508.04 269.29,1509.95
             275.11,1514.90 283.87,1515.25 291.00,1517.00
             293.46,1512.23 295.07,1509.45 300.00,1507.00
             298.45,1512.72 293.67,1518.07 290.28,1523.00
             290.28,1523.00 285.12,1531.58 285.12,1531.58
             285.12,1531.58 280.81,1537.01 280.81,1537.01
             280.81,1537.01 276.30,1545.00 276.30,1545.00
             274.31,1548.12 268.49,1555.45 268.56,1558.96
             268.65,1563.51 277.36,1566.19 280.72,1568.30
             287.27,1572.42 293.42,1581.08 296.74,1588.00
             301.89,1598.77 301.14,1611.34 301.00,1623.00
             300.92,1629.37 300.24,1628.68 299.32,1634.00
             298.31,1639.81 298.28,1645.59 295.46,1651.00
             289.43,1662.56 285.73,1663.72 278.17,1672.00
             270.29,1680.65 263.14,1690.65 250.00,1689.91
             250.00,1689.91 243.00,1689.09 243.00,1689.09
             235.61,1688.58 232.34,1689.49 225.01,1686.04
             216.94,1682.23 214.83,1675.40 219.70,1668.04
             221.40,1665.47 222.71,1664.01 225.00,1662.00
             226.93,1675.32 237.27,1677.98 249.00,1678.13
             249.00,1678.13 263.00,1678.13 263.00,1678.13
             267.78,1676.88 277.76,1668.60 281.48,1665.00
             290.76,1656.03 289.97,1651.49 291.17,1640.00
             291.17,1640.00 292.07,1633.42 292.07,1633.42
             292.07,1633.42 292.07,1624.00 292.07,1624.00
             291.98,1606.30 291.65,1604.68 283.00,1589.00
             283.00,1589.00 281.00,1589.00 281.00,1589.00
             281.00,1589.00 275.00,1596.00 275.00,1596.00
             276.01,1593.44 279.14,1588.37 278.55,1586.00
             277.90,1583.36 274.20,1580.55 272.00,1579.13
             264.27,1574.12 259.71,1572.73 251.00,1576.00
             252.32,1567.33 257.43,1566.12 262.24,1559.96
             265.92,1555.24 279.50,1533.13 281.00,1528.00
             273.90,1527.93 267.75,1526.30 262.00,1521.96
             259.46,1520.04 255.23,1514.75 252.00,1516.03
             249.95,1516.84 245.71,1522.13 244.05,1524.00
             239.51,1529.11 232.13,1538.15 227.00,1542.00 Z
           M 301.00,1563.00
           C 301.00,1563.00 309.95,1550.91 309.95,1550.91
             313.75,1545.34 314.53,1541.13 321.00,1538.00
             318.99,1543.48 306.00,1560.27 301.00,1563.00 Z" />
</svg>
