<?xml version="1.0" encoding="UTF-8" standalone="no"?>
<!DOCTYPE svg PUBLIC "-//W3C//DTD SVG 20010904//EN"
              "http://www.w3.org/TR/2001/REC-SVG-20010904/DTD/svg10.dtd">

<svg xmlns="http://www.w3.org/2000/svg"
     width="3.50667in" height="3.86667in"
     viewBox="0 0 1052 1160">
  <path id="ae-1"
        fill="none" stroke="black" stroke-width="1"
        d="M 351.00,208.00
           C 350.60,200.45 353.64,202.57 357.24,197.86
             360.50,193.59 361.22,186.35 368.04,186.09
             368.04,186.09 388.00,188.72 388.00,188.72
             388.00,188.72 413.00,192.06 413.00,192.06
             413.00,192.06 423.96,192.06 423.96,192.06
             423.96,192.06 443.00,192.06 443.00,192.06
             443.00,192.06 457.00,193.17 457.00,193.17
             457.00,193.17 462.58,194.04 462.58,194.04
             462.58,194.04 473.00,193.00 473.00,193.00
             473.00,193.00 498.00,193.00 498.00,193.00
             514.32,193.03 512.96,195.91 520.00,197.00
             520.00,197.00 523.00,202.00 523.00,202.00
             523.00,202.00 521.00,198.00 521.00,198.00
             527.84,195.23 526.62,197.30 531.00,196.48
             533.82,195.96 534.76,194.55 539.00,194.11
             539.00,194.11 557.00,195.00 557.00,195.00
             557.00,195.00 568.00,195.00 568.00,195.00
             568.00,195.00 591.00,196.61 591.00,196.61
             602.44,198.64 610.96,201.99 623.00,202.00
             623.00,202.00 641.00,201.00 641.00,201.00
             641.00,201.00 663.00,201.00 663.00,201.00
             663.00,201.00 680.00,200.04 680.00,200.04
             680.00,200.04 705.72,200.04 705.72,200.04
             705.72,200.04 717.00,199.00 717.00,199.00
             717.00,199.00 739.00,199.00 739.00,199.00
             739.00,199.00 755.00,198.00 755.00,198.00
             755.00,198.00 776.00,198.00 776.00,198.00
             788.51,197.85 802.22,194.49 814.00,200.00
             814.00,200.00 817.00,197.00 817.00,197.00
             818.77,206.28 827.18,216.01 835.00,221.00
             835.00,221.00 834.00,224.00 834.00,224.00
             839.70,225.73 841.47,225.63 842.00,232.00
             842.00,232.00 847.00,232.00 847.00,232.00
             848.36,237.51 850.11,240.32 856.00,241.00
             856.00,241.00 872.72,260.04 872.72,260.04
             872.72,260.04 879.59,268.91 879.59,268.91
             879.59,268.91 884.00,274.16 884.00,274.16
             884.00,274.16 885.54,277.82 885.54,277.82
             885.54,277.82 889.71,284.18 889.71,284.18
             889.71,284.18 891.12,301.00 891.12,301.00
             891.12,301.00 887.91,311.17 887.91,311.17
             887.91,311.17 887.91,322.00 887.91,322.00
             887.91,322.00 885.00,321.00 885.00,321.00
             883.75,325.44 884.05,326.42 880.00,329.00
             880.00,329.00 879.00,325.00 879.00,325.00
             879.00,325.00 879.00,336.00 879.00,336.00
             879.00,336.00 876.00,334.00 876.00,334.00
             874.49,338.72 874.04,341.35 869.14,343.00
             869.14,343.00 869.14,346.83 869.14,346.83
             869.14,346.83 866.03,356.72 866.03,356.72
             866.03,356.72 863.26,361.09 863.26,361.09
             863.26,361.09 859.52,368.15 859.52,368.15
             859.52,368.15 852.02,372.56 852.02,372.56
             852.02,372.56 844.59,380.46 844.59,380.46
             844.59,380.46 838.00,387.00 838.00,387.00
             838.00,387.00 834.00,386.00 834.00,386.00
             834.00,386.00 824.00,398.00 824.00,398.00
             824.00,398.00 818.00,398.00 818.00,398.00
             816.52,402.69 811.83,406.74 807.00,404.00
             800.45,411.40 796.76,409.44 798.00,417.00
             793.36,416.92 792.78,417.42 792.00,422.00
             785.57,423.06 787.57,424.36 783.49,427.03
             781.04,428.63 778.37,428.19 774.14,432.30
             770.91,435.45 770.83,437.90 768.28,440.61
             765.99,443.04 763.72,443.43 761.30,445.49
             761.30,445.49 756.54,450.66 756.54,450.66
             756.54,450.66 751.13,454.75 751.13,454.75
             747.80,457.48 748.07,460.98 744.00,462.00
             741.95,467.56 740.32,466.24 736.42,470.14
             736.42,470.14 725.64,482.55 725.64,482.55
             725.64,482.55 713.68,492.21 713.68,492.21
             713.68,492.21 710.17,497.57 710.17,497.57
             710.17,497.57 699.00,507.48 699.00,507.48
             699.00,507.48 682.00,525.48 682.00,525.48
             682.00,525.48 675.37,531.48 675.37,531.48
             675.37,531.48 665.79,543.75 665.79,543.75
             665.79,543.75 660.30,548.17 660.30,548.17
             660.30,548.17 653.83,554.56 653.83,554.56
             653.83,554.56 646.60,560.22 646.60,560.22
             646.60,560.22 631.85,577.91 631.85,577.91
             631.85,577.91 623.35,586.29 623.35,586.29
             623.35,586.29 611.00,605.00 611.00,605.00
             611.00,605.00 612.00,606.00 612.00,606.00
             612.00,606.00 616.00,604.00 616.00,604.00
             616.00,604.00 614.61,618.00 614.61,618.00
             614.61,618.00 623.00,632.00 623.00,632.00
             623.00,632.00 620.00,633.00 620.00,633.00
             620.00,633.00 623.00,642.00 623.00,642.00
             623.00,642.00 628.00,640.00 628.00,640.00
             628.00,640.00 630.00,649.00 630.00,649.00
             630.00,649.00 626.00,647.00 626.00,647.00
             626.00,647.00 625.00,655.00 625.00,655.00
             635.18,654.28 634.05,657.56 637.98,663.83
             640.09,667.19 640.75,666.78 642.00,671.00
             642.00,671.00 637.00,671.00 637.00,671.00
             642.50,674.36 644.17,673.07 646.00,680.00
             641.61,682.48 642.06,684.32 642.00,689.00
             642.00,689.00 649.00,687.00 649.00,687.00
             649.00,687.00 648.00,690.00 648.00,690.00
             648.00,690.00 654.00,690.00 654.00,690.00
             653.39,691.29 650.95,694.78 652.62,695.90
             653.65,696.55 655.80,695.82 656.96,695.90
             659.48,696.12 660.57,697.32 662.19,699.11
             662.19,699.11 675.37,718.42 675.37,718.42
             678.04,722.49 676.73,724.25 682.00,726.00
             682.40,731.54 683.39,733.53 688.00,736.83
             688.00,736.83 695.21,742.53 695.21,742.53
             697.08,743.09 700.23,741.84 702.00,741.13
             705.69,739.67 717.56,729.76 720.63,726.69
             720.63,726.69 725.21,721.66 725.21,721.66
             725.21,721.66 738.74,711.26 738.74,711.26
             738.74,711.26 754.00,697.68 754.00,697.68
             759.07,694.20 765.23,693.13 770.04,689.34
             770.04,689.34 818.00,644.04 818.00,644.04
             818.00,644.04 832.00,631.09 832.00,631.09
             834.06,629.22 837.03,626.52 840.00,626.57
             843.04,626.63 846.83,629.98 848.82,632.09
             850.02,633.37 851.65,635.41 852.39,637.00
             855.35,643.42 846.15,648.98 842.00,652.99
             842.00,652.99 799.00,692.17 799.00,692.17
             799.00,692.17 782.05,708.00 782.05,708.00
             782.05,708.00 775.74,715.91 775.74,715.91
             775.74,715.91 764.00,726.83 764.00,726.83
             764.00,726.83 679.00,803.83 679.00,803.83
             679.00,803.83 666.01,815.36 666.01,815.36
             666.01,815.36 657.95,821.20 657.95,821.20
             657.95,821.20 651.84,827.87 651.84,827.87
             651.84,827.87 646.71,832.36 646.71,832.36
             637.74,840.97 629.00,849.73 619.00,857.15
             615.47,859.78 609.09,866.52 605.00,866.63
             601.70,866.72 599.20,864.09 597.00,861.98
             597.00,861.98 581.09,846.00 581.09,846.00
             581.09,846.00 561.00,825.05 561.00,825.05
             554.07,818.59 551.21,818.90 544.53,809.00
             540.62,803.21 541.71,799.15 540.88,796.59
             539.90,793.58 537.70,792.81 536.31,790.55
             536.31,790.55 533.28,782.06 533.28,782.06
             531.77,779.14 526.89,775.56 524.00,774.00
             524.84,764.19 524.11,765.16 519.93,757.00
             519.93,757.00 517.13,751.17 517.13,751.17
             517.13,751.17 513.90,746.83 513.90,746.83
             511.75,743.08 512.92,740.75 511.13,738.09
             511.13,738.09 507.99,734.55 507.99,734.55
             507.99,734.55 506.00,730.08 506.00,730.08
             503.83,726.29 502.55,727.04 501.00,722.00
             501.00,722.00 505.00,721.00 505.00,721.00
             505.00,721.00 504.00,716.00 504.00,716.00
             498.36,720.96 486.12,739.70 480.63,747.00
             465.95,766.49 438.58,803.73 423.04,820.00
             423.04,820.00 400.96,843.11 400.96,843.11
             394.22,847.46 390.04,847.28 383.00,849.00
             383.00,849.00 381.00,845.00 381.00,845.00
             381.00,845.00 376.00,848.00 376.00,848.00
             376.00,848.00 366.00,843.00 366.00,843.00
             366.43,836.85 362.95,830.95 361.00,825.00
             361.00,825.00 358.00,829.00 358.00,829.00
             350.91,826.56 342.74,814.18 335.00,816.00
             332.73,811.23 332.28,810.36 327.00,812.00
             327.00,812.00 328.00,807.00 328.00,807.00
             328.00,807.00 314.31,802.08 314.31,802.08
             314.31,802.08 310.27,795.46 310.27,795.46
             310.27,795.46 303.30,789.70 303.30,789.70
             303.30,789.70 297.83,782.84 297.83,782.84
             297.83,782.84 286.00,777.00 286.00,777.00
             286.61,769.78 282.75,772.67 278.75,768.69
             273.50,763.46 271.81,754.51 263.00,756.00
             263.39,744.84 258.88,750.13 253.39,745.99
             251.64,744.68 249.41,740.94 248.00,739.00
             248.00,739.00 246.00,747.00 246.00,747.00
             246.00,747.00 241.00,747.00 241.00,747.00
             239.64,738.95 239.50,735.29 231.83,730.63
             231.83,730.63 226.37,728.03 226.37,728.03
             222.08,725.16 224.07,723.30 217.00,724.00
             213.87,718.34 214.15,711.75 207.79,707.81
             205.28,706.25 203.75,707.33 199.00,705.00
             199.00,705.00 201.00,700.00 201.00,700.00
             201.00,700.00 196.00,704.00 196.00,704.00
             194.78,697.59 193.66,698.16 190.92,693.00
             184.45,680.81 180.70,675.35 166.00,676.00
             166.00,676.00 168.39,667.31 168.39,667.31
             168.39,667.31 164.37,664.04 164.37,664.04
             164.37,664.04 157.00,657.00 157.00,657.00
             159.29,652.88 160.01,652.77 160.00,648.00
             160.00,648.00 153.00,649.00 153.00,649.00
             153.47,647.49 153.99,646.20 154.00,644.58
             154.00,644.58 149.08,623.00 149.08,623.00
             148.20,619.67 147.11,617.62 147.08,614.00
             147.03,606.41 152.58,600.46 146.00,594.00
             146.00,594.00 148.24,582.00 148.24,582.00
             148.24,582.00 164.80,553.00 164.80,553.00
             164.80,553.00 190.58,509.00 190.58,509.00
             190.58,509.00 288.60,341.00 288.60,341.00
             288.60,341.00 299.53,323.00 299.53,323.00
             299.53,323.00 309.33,311.00 309.33,311.00
             309.33,311.00 314.64,292.00 314.64,292.00
             314.64,292.00 321.72,279.00 321.72,279.00
             321.72,279.00 325.36,268.00 325.36,268.00
             325.36,268.00 334.55,247.83 334.55,247.83
             334.55,247.83 334.00,244.00 334.00,244.00
             339.36,239.24 335.68,238.76 339.06,232.11
             341.21,227.88 344.52,227.37 346.54,221.04
             348.06,216.24 346.44,211.17 351.00,208.00 Z
           M 633.00,327.00
           C 633.00,327.00 632.00,328.00 632.00,328.00
             632.00,328.00 636.00,333.00 636.00,333.00
             636.00,333.00 622.00,335.19 622.00,335.19
             622.00,335.19 608.00,328.00 608.00,328.00
             608.00,328.00 608.00,330.00 608.00,330.00
             604.90,329.45 604.31,328.95 603.00,332.00
             606.72,331.93 607.06,331.76 609.00,335.00
             609.00,335.00 595.00,332.00 595.00,332.00
             595.00,332.00 595.00,336.00 595.00,336.00
             595.00,336.00 591.00,334.00 591.00,334.00
             588.01,342.09 587.44,341.31 589.00,350.00
             585.05,351.17 583.18,352.50 581.00,356.00
             581.00,356.00 586.00,357.00 586.00,357.00
             586.00,357.00 585.00,362.00 585.00,362.00
             585.00,362.00 586.57,364.22 586.57,364.22
             586.57,364.22 587.85,374.72 587.85,374.72
             587.85,374.72 586.11,381.01 586.11,381.01
             586.11,381.01 588.49,396.00 588.49,396.00
             588.49,396.00 589.29,408.00 589.29,408.00
             589.29,408.00 588.00,416.00 588.00,416.00
             588.00,416.00 592.00,416.00 592.00,416.00
             592.00,416.00 588.00,424.00 588.00,424.00
             593.70,427.66 593.17,430.44 590.00,436.00
             590.00,436.00 592.00,438.00 592.00,438.00
             586.17,441.71 588.38,450.40 590.00,456.00
             590.00,456.00 591.00,456.00 591.00,456.00
             591.00,456.00 593.00,454.00 593.00,454.00
             593.00,454.00 591.00,468.00 591.00,468.00
             591.00,468.00 585.00,468.00 585.00,468.00
             585.00,468.00 589.28,486.78 589.28,486.78
             589.28,486.78 586.00,490.00 586.00,490.00
             586.85,499.86 582.77,505.49 590.00,508.00
             590.00,508.00 588.00,520.00 588.00,520.00
             588.00,520.00 595.00,519.00 595.00,519.00
             595.00,519.00 595.00,527.00 595.00,527.00
             595.00,527.00 591.00,527.00 591.00,527.00
             591.00,527.00 591.00,540.00 591.00,540.00
             591.00,540.00 594.00,536.00 594.00,536.00
             602.32,540.63 599.18,543.90 599.00,552.00
             609.49,550.52 613.67,538.77 619.09,534.88
             619.09,534.88 623.83,531.74 623.83,531.74
             629.61,526.97 631.03,524.30 635.46,519.04
             635.46,519.04 643.92,510.43 643.92,510.43
             643.92,510.43 651.81,503.33 651.81,503.33
             651.81,503.33 657.75,496.56 657.75,496.56
             657.75,496.56 663.86,491.76 663.86,491.76
             663.86,491.76 673.33,480.17 673.33,480.17
             685.10,467.23 682.75,472.85 696.00,455.00
             696.00,455.00 697.00,458.00 697.00,458.00
             697.00,458.00 699.00,458.00 699.00,458.00
             701.74,449.56 702.36,452.56 706.96,446.87
             711.69,441.02 716.40,431.90 724.00,430.00
             725.22,426.76 725.53,425.03 729.00,424.00
             729.00,424.00 728.00,420.00 728.00,420.00
             734.81,418.15 735.84,415.80 740.37,411.17
             740.37,411.17 755.07,395.28 755.07,395.28
             755.07,395.28 759.62,389.19 759.62,389.19
             762.59,385.65 766.19,384.01 768.07,379.00
             770.07,374.07 767.35,371.35 768.07,364.00
             768.07,364.00 764.00,366.00 764.00,366.00
             764.00,366.00 765.00,362.00 765.00,362.00
             759.95,357.44 759.27,356.38 757.00,350.00
             757.00,350.00 752.00,351.00 752.00,351.00
             752.00,351.00 755.00,356.00 755.00,356.00
             755.00,356.00 744.00,352.00 744.00,352.00
             742.78,348.28 736.45,341.87 733.00,340.00
             733.00,340.00 733.00,345.00 733.00,345.00
             733.00,345.00 725.00,339.00 725.00,339.00
             722.78,344.56 716.14,334.12 715.00,332.00
             715.00,332.00 712.00,332.00 712.00,332.00
             712.00,332.00 706.00,338.00 706.00,338.00
             706.00,338.00 698.00,335.00 698.00,335.00
             693.20,341.31 688.26,330.91 685.00,328.00
             685.00,328.00 682.00,337.00 682.00,337.00
             677.84,331.02 676.86,334.68 671.00,334.39
             671.00,334.39 662.00,334.39 662.00,334.39
             659.62,334.45 656.51,335.67 654.43,334.39
             652.56,332.91 651.73,329.13 651.00,327.00
             651.00,327.00 649.00,327.00 649.00,327.00
             647.34,332.55 647.69,332.49 649.00,338.00
             638.26,331.67 643.12,329.19 633.00,327.00 Z
           M 484.00,348.00
           C 476.68,348.13 479.68,345.01 474.86,342.89
             474.86,342.89 462.00,341.17 462.00,341.17
             462.00,341.17 401.00,335.83 401.00,335.83
             394.34,335.17 391.03,332.65 387.00,333.14
             378.50,334.17 382.24,332.77 375.91,332.46
             375.91,332.46 367.00,332.46 367.00,332.46
             367.00,332.46 348.00,331.00 348.00,331.00
             345.19,330.97 340.53,330.70 338.09,332.02
             335.01,333.70 331.34,339.92 329.42,343.00
             329.42,343.00 313.95,368.00 313.95,368.00
             313.95,368.00 270.14,438.00 270.14,438.00
             270.14,438.00 256.22,459.00 256.22,459.00
             256.22,459.00 249.90,468.00 249.90,468.00
             244.08,478.49 241.59,487.48 239.00,499.00
             235.33,498.88 234.95,498.84 233.00,502.00
             240.70,503.69 238.48,507.10 241.28,513.00
             241.28,513.00 253.41,530.29 253.41,530.29
             253.41,530.29 257.54,534.13 257.54,534.13
             257.54,534.13 299.67,592.00 299.67,592.00
             309.70,604.62 322.78,614.50 333.96,626.00
             333.96,626.00 354.69,646.28 354.69,646.28
             359.19,651.47 355.78,654.91 366.00,656.00
             368.52,664.57 373.02,663.19 376.73,668.48
             378.58,671.12 383.35,688.73 392.00,689.43
             393.60,689.56 396.40,688.49 398.00,688.00
             398.00,688.00 398.00,695.00 398.00,695.00
             398.00,695.00 401.00,694.00 401.00,694.00
             401.00,694.00 401.00,696.00 401.00,696.00
             401.00,696.00 399.00,696.00 399.00,696.00
             399.00,696.00 399.00,697.00 399.00,697.00
             399.00,697.00 405.00,705.00 405.00,705.00
             413.85,706.01 423.87,719.10 426.68,721.25
             429.69,723.05 433.34,720.68 437.00,721.25
             439.29,722.00 441.24,723.81 443.96,723.12
             447.29,722.27 449.14,718.01 453.08,714.90
             453.08,714.90 457.49,711.47 457.49,711.47
             457.49,711.47 475.66,688.00 475.66,688.00
             477.04,685.70 480.99,680.48 481.06,678.13
             481.14,675.63 478.87,675.00 477.77,673.74
             474.99,670.53 477.90,669.69 472.00,666.00
             474.09,662.01 475.57,657.13 469.00,658.00
             469.00,658.00 467.62,647.04 467.62,647.04
             467.62,647.04 469.73,640.92 469.73,640.92
             469.73,640.92 467.01,629.00 467.01,629.00
             467.01,629.00 467.98,619.00 467.98,619.00
             467.98,619.00 467.98,601.00 467.98,601.00
             467.98,601.00 469.00,573.00 469.00,573.00
             469.00,573.00 474.00,574.00 474.00,574.00
             473.02,570.16 472.84,569.31 469.00,568.00
             470.41,562.19 469.91,559.74 470.00,554.00
             470.11,547.75 471.09,548.45 471.45,545.72
             472.11,540.79 469.48,541.44 474.00,537.00
             471.09,530.61 469.76,523.04 471.30,516.00
             472.10,512.34 474.09,511.00 474.77,507.00
             474.77,507.00 474.00,492.00 474.00,492.00
             481.80,491.35 478.76,489.26 478.02,483.96
             478.02,483.96 478.02,476.00 478.02,476.00
             478.02,476.00 477.01,464.00 477.01,464.00
             477.01,464.00 477.89,454.00 477.89,454.00
             476.92,443.85 477.90,445.47 477.89,437.00
             477.89,437.00 477.89,423.00 477.89,423.00
             477.89,423.00 482.00,424.00 482.00,424.00
             482.00,424.00 484.00,418.00 484.00,418.00
             484.00,418.00 479.00,421.00 479.00,421.00
             479.00,421.00 479.00,404.05 479.00,404.05
             479.00,404.05 483.26,396.89 483.26,396.89
             483.26,396.89 480.85,389.83 480.85,389.83
             480.85,389.83 482.65,382.00 482.65,382.00
             482.65,382.00 480.00,373.00 480.00,373.00
             480.00,373.00 484.00,371.00 484.00,371.00
             480.03,364.07 480.36,364.59 482.00,357.00
             482.00,357.00 478.00,355.00 478.00,355.00
             482.17,352.85 483.18,352.80 484.00,348.00 Z
           M 752.00,350.00
           C 752.00,350.00 751.00,350.00 751.00,350.00
             751.00,350.00 752.00,351.00 752.00,351.00
             752.00,351.00 752.00,350.00 752.00,350.00 Z
           M 585.00,368.00
           C 585.00,368.00 584.00,368.00 584.00,368.00
             584.00,368.00 585.00,369.00 585.00,369.00
             585.00,369.00 585.00,368.00 585.00,368.00 Z
           M 820.00,381.00
           C 820.00,381.00 819.00,381.00 819.00,381.00
             819.00,381.00 820.00,382.00 820.00,382.00
             820.00,382.00 820.00,381.00 820.00,381.00 Z
           M 588.00,424.00
           C 588.00,424.00 587.00,424.00 587.00,424.00
             587.00,424.00 588.00,425.00 588.00,425.00
             588.00,425.00 588.00,424.00 588.00,424.00 Z
           M 482.00,427.00
           C 482.00,427.00 481.00,427.00 481.00,427.00
             481.00,427.00 482.00,428.00 482.00,428.00
             482.00,428.00 482.00,427.00 482.00,427.00 Z
           M 582.00,469.00
           C 582.00,469.00 581.00,469.00 581.00,469.00
             581.00,469.00 582.00,470.00 582.00,470.00
             582.00,470.00 582.00,469.00 582.00,469.00 Z
           M 660.00,496.00
           C 660.00,496.00 659.00,496.00 659.00,496.00
             659.00,496.00 660.00,497.00 660.00,497.00
             660.00,497.00 660.00,496.00 660.00,496.00 Z
           M 595.00,515.00
           C 595.00,515.00 596.00,515.00 596.00,515.00
             596.00,515.00 595.00,516.00 595.00,516.00
             595.00,516.00 595.00,515.00 595.00,515.00 Z
           M 595.00,552.00
           C 595.00,552.00 591.00,555.00 591.00,555.00
             594.12,554.97 593.94,554.94 595.00,552.00 Z
           M 608.00,615.00
           C 613.79,612.97 612.62,607.44 606.00,608.00
             606.00,608.00 608.00,615.00 608.00,615.00 Z
           M 151.00,639.00
           C 151.00,639.00 152.00,639.00 152.00,639.00
             152.00,639.00 151.00,640.00 151.00,640.00
             151.00,640.00 151.00,639.00 151.00,639.00 Z
           M 661.00,704.00
           C 661.00,704.00 660.00,704.00 660.00,704.00
             660.00,704.00 661.00,705.00 661.00,705.00
             661.00,705.00 661.00,704.00 661.00,704.00 Z
           M 662.00,705.00
           C 662.00,705.00 665.00,710.00 665.00,710.00
             665.00,710.00 662.00,705.00 662.00,705.00 Z" />
</svg>
