<?xml version="1.0" encoding="UTF-8" standalone="no"?>
<!DOCTYPE svg PUBLIC "-//W3C//DTD SVG 20010904//EN"
              "http://www.w3.org/TR/2001/REC-SVG-20010904/DTD/svg10.dtd">

<svg xmlns="http://www.w3.org/2000/svg"
     width="2.66667in" height="4in"
     viewBox="0 0 800 1200">
  <path id="AE-2"
        fill="none" stroke="black" stroke-width="1"
        d="M 8.00,125.00
           C 5.97,124.11 3.22,123.07 1.74,121.36
             -3.51,115.31 6.20,101.73 9.22,96.00
             9.22,96.00 16.35,82.04 16.35,82.04
             19.13,77.48 20.27,78.15 24.69,70.00
             24.69,70.00 49.00,22.00 49.00,22.00
             51.05,18.40 58.48,2.50 60.63,0.99
             62.42,-0.25 65.87,0.00 68.00,0.00
             68.00,0.00 138.00,0.00 138.00,0.00
             138.00,0.00 180.00,0.00 180.00,0.00
             185.25,0.07 191.03,0.38 193.00,6.00
             199.34,4.92 201.40,9.10 206.29,12.58
             216.44,19.80 227.91,25.31 236.12,35.09
             237.76,37.05 241.58,41.89 242.70,44.00
             242.70,44.00 246.59,55.00 246.59,55.00
             246.59,55.00 250.46,63.00 250.46,63.00
             250.46,63.00 258.89,85.91 258.89,85.91
             258.89,85.91 262.34,93.44 262.34,93.44
             262.34,93.44 264.32,100.00 264.32,100.00
             264.32,100.00 269.85,113.00 269.85,113.00
             269.85,113.00 275.18,124.00 275.18,124.00
             275.18,124.00 281.80,143.00 281.80,143.00
             283.89,150.29 283.98,157.30 284.84,164.71
             284.84,164.71 286.30,169.61 286.30,169.61
             286.30,169.61 286.99,176.00 286.99,176.00
             286.99,176.00 287.75,188.00 287.75,188.00
             287.75,188.00 290.51,198.96 290.51,198.96
             290.51,198.96 292.52,209.58 292.52,209.58
             292.52,209.58 292.52,216.00 292.52,216.00
             292.52,216.00 295.37,236.54 295.37,236.54
             295.37,236.54 295.37,255.00 295.37,255.00
             295.37,255.00 295.37,261.00 295.37,261.00
             295.37,261.00 295.37,266.99 295.37,266.99
             295.37,266.99 295.37,284.00 295.37,284.00
             295.37,284.00 295.37,293.00 295.37,293.00
             295.37,293.00 295.37,316.09 295.37,316.09
             295.37,316.09 295.37,328.00 295.37,328.00
             295.48,334.97 296.07,346.22 295.37,353.01
             295.37,353.01 291.66,371.00 291.66,371.00
             289.69,379.15 289.02,376.18 289.00,386.00
             289.00,386.00 287.55,424.00 287.55,424.00
             287.55,424.00 286.17,432.00 286.17,432.00
             286.17,432.00 284.57,449.17 284.57,449.17
             283.91,454.46 283.08,454.59 283.00,461.00
             283.00,461.00 282.49,481.17 282.49,481.17
             282.49,481.17 276.00,524.00 276.00,524.00
             276.00,524.00 276.00,546.00 276.00,546.00
             276.00,546.00 271.15,572.00 271.15,572.00
             271.15,572.00 268.95,598.00 268.95,598.00
             268.95,598.00 262.67,615.00 262.67,615.00
             262.67,615.00 257.96,638.00 257.96,638.00
             257.96,638.00 248.60,662.00 248.60,662.00
             248.60,662.00 247.35,676.00 247.35,676.00
             245.59,681.75 239.66,688.29 240.00,694.83
             240.19,698.59 246.95,705.46 249.58,708.20
             257.28,716.22 265.85,724.19 266.00,736.00
             266.00,736.00 266.00,740.00 266.00,740.00
             266.14,748.18 270.05,751.29 271.00,763.00
             281.96,752.06 284.15,727.73 293.00,714.00
             301.92,711.44 305.36,695.93 308.00,688.00
             310.09,681.72 309.75,677.60 317.00,677.00
             317.00,677.00 317.00,642.00 317.00,642.00
             317.03,627.98 323.79,628.01 327.87,617.00
             329.86,611.63 329.93,604.90 334.07,599.43
             336.03,596.85 343.83,591.94 351.58,582.00
             351.58,582.00 382.37,541.00 382.37,541.00
             382.37,541.00 402.00,514.00 402.00,514.00
             393.22,509.81 390.06,499.02 385.05,491.00
             381.80,485.80 369.38,461.24 367.68,456.00
             367.68,456.00 365.18,444.00 365.18,444.00
             365.18,444.00 360.45,433.00 360.45,433.00
             360.45,433.00 352.83,411.00 352.83,411.00
             352.83,411.00 339.97,380.00 339.97,380.00
             339.97,380.00 329.90,364.00 329.90,364.00
             324.88,353.83 320.66,339.96 317.71,329.00
             315.99,322.60 314.68,321.89 313.42,314.04
             313.42,314.04 313.42,297.17 313.42,297.17
             313.42,297.17 313.42,278.01 313.42,278.01
             313.49,272.93 312.69,265.75 314.04,261.00
             315.44,256.07 321.04,248.58 323.95,244.00
             323.95,244.00 344.00,213.00 344.00,213.00
             344.00,213.00 353.69,197.00 353.69,197.00
             353.69,197.00 365.95,174.18 365.95,174.18
             368.38,171.19 370.05,171.91 372.39,169.62
             372.39,169.62 378.18,162.19 378.18,162.19
             378.18,162.19 386.22,155.74 386.22,155.74
             386.22,155.74 409.91,117.00 409.91,117.00
             409.91,117.00 425.65,97.00 425.65,97.00
             425.65,97.00 446.79,56.04 446.79,56.04
             450.29,49.98 452.11,51.20 458.75,38.00
             458.75,38.00 469.78,16.00 469.78,16.00
             470.81,14.04 474.13,7.83 475.63,6.64
             477.08,5.49 478.31,5.52 480.01,6.05
             486.43,8.03 486.54,13.33 487.00,19.00
             489.12,16.49 492.43,11.62 495.09,10.17
             497.47,8.88 500.38,9.01 503.00,9.00
             511.05,8.96 515.94,8.83 524.01,9.90
             530.19,10.72 530.22,11.91 537.00,12.00
             537.00,12.00 626.00,12.00 626.00,12.00
             626.00,12.00 656.00,8.00 656.00,8.00
             656.00,8.00 674.00,8.00 674.00,8.00
             674.00,8.00 684.00,6.92 684.00,6.92
             684.00,6.92 691.00,6.92 691.00,6.92
             691.00,6.92 697.83,4.78 697.83,4.78
             704.61,3.15 714.17,1.03 721.00,1.00
             721.00,1.00 742.00,1.00 742.00,1.00
             745.76,1.01 752.15,0.66 752.30,6.02
             752.40,10.03 746.16,16.63 745.23,19.96
             744.49,22.59 745.46,23.20 747.00,25.00
             747.00,25.00 720.31,78.00 720.31,78.00
             720.31,78.00 705.00,108.18 705.00,108.18
             705.00,108.18 692.96,108.18 692.96,108.18
             692.96,108.18 676.43,108.18 676.43,108.18
             676.43,108.18 665.00,107.00 665.00,107.00
             663.13,108.19 663.31,108.26 660.96,108.42
             656.60,108.71 642.62,108.55 639.00,107.00
             634.81,109.66 629.23,108.11 624.47,108.11
             624.47,108.11 618.87,109.06 618.87,109.06
             613.68,109.65 598.43,109.89 594.00,108.00
             592.13,109.19 592.31,109.26 589.96,109.42
             585.60,109.71 571.62,109.55 568.00,108.00
             568.00,108.00 559.00,109.48 559.00,109.48
             559.00,109.48 537.00,108.00 537.00,108.00
             535.13,109.19 535.31,109.26 532.96,109.42
             528.60,109.71 514.62,109.55 511.00,108.00
             506.60,110.79 500.57,109.04 495.58,109.28
             495.58,109.28 478.00,109.28 478.00,109.28
             478.00,109.28 461.25,109.28 461.25,109.28
             458.68,109.12 451.88,108.54 450.21,109.28
             446.59,111.16 442.79,121.06 439.47,124.70
             435.34,129.23 430.87,129.74 427.33,133.26
             423.92,136.65 419.14,147.24 416.75,152.00
             416.75,152.00 401.55,179.00 401.55,179.00
             401.55,179.00 392.46,192.83 392.46,192.83
             391.57,195.09 391.52,202.33 391.51,205.00
             391.51,205.00 388.71,236.00 388.71,236.00
             388.71,236.00 386.89,248.00 386.89,248.00
             386.75,252.74 388.06,254.74 388.83,259.00
             388.83,259.00 390.92,275.00 390.92,275.00
             392.91,286.70 388.89,290.23 400.00,301.00
             400.00,301.00 405.64,314.09 405.64,314.09
             405.64,314.09 414.15,340.72 414.15,340.72
             414.15,340.72 415.89,352.27 415.89,352.27
             415.89,352.27 419.52,367.83 419.52,367.83
             419.52,367.83 421.81,379.72 421.81,379.72
             421.81,379.72 432.64,397.91 432.64,397.91
             432.64,397.91 438.16,405.30 438.16,405.30
             438.16,405.30 440.58,410.91 440.58,410.91
             440.58,410.91 444.21,417.07 444.21,417.07
             444.21,417.07 449.61,430.13 449.61,430.13
             449.61,430.13 455.62,438.04 455.62,438.04
             455.62,438.04 460.45,445.83 460.45,445.83
             460.45,445.83 467.00,455.00 467.00,455.00
             472.69,450.83 475.95,445.57 480.13,440.00
             480.13,440.00 498.35,416.00 498.35,416.00
             504.90,407.55 503.72,407.84 513.00,403.23
             518.02,400.74 516.97,400.32 523.00,400.24
             523.00,400.24 539.97,400.24 539.97,400.24
             546.52,400.20 545.07,398.75 550.00,397.40
             552.48,397.09 556.32,397.39 559.00,397.40
             559.00,397.40 587.00,397.40 587.00,397.40
             592.95,397.18 599.13,397.04 605.00,395.97
             609.85,395.09 608.19,394.32 615.00,394.20
             615.00,394.20 632.00,394.20 632.00,394.20
             632.00,394.20 650.99,394.20 650.99,394.20
             652.45,394.26 654.16,394.33 655.58,394.20
             655.58,394.20 672.00,389.45 672.00,389.45
             674.55,388.50 676.88,386.97 679.58,386.45
             679.58,386.45 704.00,384.76 704.00,384.76
             704.00,384.76 717.00,383.01 717.00,383.01
             722.08,382.15 728.58,376.91 734.67,384.19
             738.74,389.05 733.31,394.09 730.37,398.00
             730.37,398.00 705.63,431.00 705.63,431.00
             705.63,431.00 691.37,450.00 691.37,450.00
             689.24,452.84 685.54,458.17 682.71,460.03
             675.14,465.02 672.10,463.89 664.28,464.88
             660.51,465.36 660.80,466.62 655.00,466.78
             655.00,466.78 634.42,467.87 634.42,467.87
             634.42,467.87 612.00,474.67 612.00,474.67
             612.00,474.67 602.00,474.67 602.00,474.67
             602.00,474.67 593.00,475.73 593.00,475.73
             593.00,475.73 573.00,475.73 573.00,475.73
             562.81,475.72 567.79,476.06 559.99,477.47
             559.99,477.47 545.00,478.75 545.00,478.75
             545.00,478.75 510.00,478.75 510.00,478.75
             506.57,478.78 499.46,480.16 497.13,482.78
             494.33,485.93 500.12,497.71 502.28,500.72
             502.28,500.72 513.43,517.32 513.43,517.32
             513.43,517.32 524.31,527.29 524.31,527.29
             527.82,530.93 533.93,537.20 539.00,538.00
             546.00,546.43 560.67,551.99 569.47,542.73
             574.19,537.77 577.92,525.39 583.16,519.00
             583.07,526.74 585.10,534.25 583.16,542.00
             582.07,547.43 574.31,562.01 571.08,566.83
             571.08,566.83 566.46,573.04 566.46,573.04
             566.46,573.04 556.31,592.00 556.31,592.00
             556.31,592.00 533.00,636.00 533.00,636.00
             523.02,634.29 523.04,638.28 516.00,639.83
             516.00,639.83 500.00,639.83 500.00,639.83
             496.95,640.00 493.90,640.18 491.04,638.92
             487.04,637.15 482.19,631.33 479.20,628.05
             479.20,628.05 468.04,617.00 468.04,617.00
             468.04,617.00 455.79,601.34 455.79,601.34
             452.70,597.81 449.52,597.18 447.61,594.66
             444.76,590.91 448.40,590.78 442.02,582.09
             428.81,564.08 414.92,546.72 406.00,526.00
             401.32,531.14 397.25,537.16 395.51,544.00
             395.51,544.00 393.75,552.00 393.75,552.00
             389.96,563.02 383.03,562.82 383.00,577.00
             383.00,577.00 383.00,603.00 383.00,603.00
             383.02,610.81 385.44,618.36 386.74,626.00
             386.74,626.00 387.29,630.91 387.29,630.91
             388.32,635.39 389.86,633.76 390.00,641.00
             390.00,641.00 390.00,658.00 390.00,658.00
             390.20,675.20 394.25,683.12 395.92,696.42
             395.92,696.42 395.92,706.96 395.92,706.96
             395.92,706.96 397.89,714.09 397.89,714.09
             399.12,724.93 398.55,735.37 401.83,746.00
             404.33,754.08 408.06,755.88 411.87,762.17
             411.87,762.17 416.99,775.00 416.99,775.00
             418.68,780.20 417.42,784.23 418.54,787.83
             421.27,796.56 425.75,800.48 428.17,806.00
             431.19,812.91 430.77,816.62 431.58,818.83
             432.86,822.34 436.22,825.10 438.03,828.30
             438.03,828.30 439.99,832.97 439.99,832.97
             439.99,832.97 443.11,837.42 443.11,837.42
             444.97,840.44 444.37,841.72 447.00,845.00
             447.00,845.00 448.72,852.00 448.72,852.00
             448.72,852.00 450.38,865.00 450.38,865.00
             450.38,865.00 456.12,877.28 456.12,877.28
             456.12,877.28 458.17,883.96 458.17,883.96
             458.17,883.96 472.02,902.28 472.02,902.28
             476.52,908.97 473.72,911.65 481.00,919.00
             481.00,919.00 480.00,922.00 480.00,922.00
             480.00,922.00 486.00,930.00 486.00,930.00
             492.81,929.12 493.47,932.84 497.80,937.39
             508.67,948.77 511.47,952.61 517.92,966.91
             520.68,973.03 533.37,992.55 537.89,997.54
             537.89,997.54 554.52,1014.00 554.52,1014.00
             554.52,1014.00 558.68,1019.63 558.68,1019.63
             558.68,1019.63 571.31,1034.43 571.31,1034.43
             571.31,1034.43 574.67,1039.72 574.67,1039.72
             574.67,1039.72 582.20,1049.27 582.20,1049.27
             588.87,1058.18 588.88,1059.77 597.47,1068.64
             602.53,1073.86 611.29,1079.32 618.00,1082.09
             618.00,1082.09 627.00,1085.17 627.00,1085.17
             631.15,1086.91 637.90,1089.33 639.00,1094.00
             645.49,1093.65 652.85,1099.52 656.00,1104.91
             661.12,1104.42 664.49,1106.22 667.82,1104.91
             670.26,1103.81 674.55,1098.66 677.29,1096.52
             683.98,1091.29 685.48,1091.25 691.56,1084.00
             700.38,1073.50 707.96,1056.36 715.00,1044.00
             719.28,1042.74 721.28,1038.51 723.72,1035.00
             723.72,1035.00 738.30,1011.00 738.30,1011.00
             742.02,1004.26 744.80,998.40 753.00,1003.00
             753.00,1003.00 751.95,1011.00 751.95,1011.00
             751.95,1011.00 738.25,1038.00 738.25,1038.00
             738.25,1038.00 711.00,1091.00 711.00,1091.00
             703.80,1089.46 702.55,1094.42 699.75,1100.00
             699.75,1100.00 683.00,1132.00 683.00,1132.00
             677.01,1133.46 675.31,1139.88 672.75,1145.00
             672.75,1145.00 654.00,1181.00 654.00,1181.00
             647.13,1182.68 644.07,1188.78 638.91,1192.41
             635.65,1194.70 634.03,1193.90 631.46,1195.65
             628.57,1197.62 628.49,1200.03 622.99,1199.94
             618.76,1199.87 613.91,1197.62 610.00,1195.99
             593.59,1189.16 592.01,1186.29 579.00,1175.29
             579.00,1175.29 565.00,1164.71 565.00,1164.71
             565.00,1164.71 553.61,1157.76 553.61,1157.76
             553.61,1157.76 534.54,1138.09 534.54,1138.09
             528.97,1132.39 522.49,1131.24 514.51,1122.58
             514.51,1122.58 492.93,1093.46 492.93,1093.46
             492.93,1093.46 483.29,1083.00 483.29,1083.00
             483.29,1083.00 459.52,1054.00 459.52,1054.00
             459.52,1054.00 451.98,1043.00 451.98,1043.00
             451.98,1043.00 439.77,1026.00 439.77,1026.00
             439.77,1026.00 433.96,1017.00 433.96,1017.00
             433.96,1017.00 422.49,1001.83 422.49,1001.83
             422.49,1001.83 401.74,965.00 401.74,965.00
             401.74,965.00 392.01,951.83 392.01,951.83
             392.01,951.83 390.12,944.28 390.12,944.28
             388.09,939.49 384.94,935.19 383.78,930.00
             382.41,923.86 384.64,919.70 380.00,915.00
             380.21,905.87 370.26,896.48 366.30,888.56
             364.38,884.72 365.47,883.03 364.25,879.00
             362.73,873.93 358.71,867.74 355.00,864.00
             355.20,857.27 353.37,858.70 352.30,853.91
             352.30,853.91 351.70,845.00 351.70,845.00
             351.08,841.19 350.25,840.83 348.86,837.72
             345.85,830.96 347.88,830.59 341.00,825.00
             341.00,825.00 342.00,822.00 342.00,822.00
             342.00,822.00 338.00,820.00 338.00,820.00
             338.00,820.00 333.41,802.00 333.41,802.00
             333.41,802.00 331.88,781.00 331.88,781.00
             331.88,781.00 329.96,772.00 329.96,772.00
             329.96,772.00 329.96,763.00 329.96,763.00
             329.96,763.00 325.27,741.00 325.27,741.00
             325.27,741.00 323.00,708.00 323.00,708.00
             323.00,708.00 310.33,748.00 310.33,748.00
             310.33,748.00 298.31,785.00 298.31,785.00
             298.31,785.00 290.37,803.00 290.37,803.00
             290.37,803.00 279.00,838.00 279.00,838.00
             279.00,838.00 267.00,875.00 267.00,875.00
             265.72,878.83 263.18,888.11 260.58,890.69
             255.07,896.17 245.44,889.51 240.00,887.00
             240.00,878.15 242.32,870.71 232.00,868.00
             232.00,868.00 229.24,856.83 229.24,856.83
             229.24,856.83 228.55,850.00 228.55,850.00
             228.55,850.00 222.71,829.00 222.71,829.00
             222.71,829.00 221.44,814.00 221.44,814.00
             221.44,814.00 213.00,800.00 213.00,800.00
             208.22,810.10 208.38,814.78 206.68,825.00
             206.68,825.00 205.18,832.00 205.18,832.00
             205.18,832.00 204.67,843.00 204.67,843.00
             204.67,843.00 200.09,856.00 200.09,856.00
             200.09,856.00 198.22,864.00 198.22,864.00
             198.22,864.00 189.90,887.00 189.90,887.00
             188.50,891.60 189.58,892.94 187.68,898.00
             187.68,898.00 178.35,919.00 178.35,919.00
             178.35,919.00 175.65,929.00 175.65,929.00
             175.65,929.00 170.78,941.00 170.78,941.00
             169.62,945.24 170.31,947.35 169.67,951.00
             169.67,951.00 167.10,961.00 167.10,961.00
             166.72,965.01 167.41,967.79 166.21,972.00
             166.21,972.00 157.36,992.00 157.36,992.00
             154.86,999.69 156.99,1001.82 155.10,1008.00
             155.10,1008.00 145.90,1030.91 145.90,1030.91
             145.90,1030.91 143.63,1039.01 143.63,1039.01
             143.63,1039.01 131.26,1064.00 131.26,1064.00
             131.26,1064.00 124.00,1081.00 124.00,1081.00
             124.00,1081.00 121.09,1081.90 121.09,1081.90
             121.09,1081.90 108.72,1101.00 108.72,1101.00
             108.72,1101.00 97.79,1122.00 97.79,1122.00
             97.79,1122.00 94.60,1130.00 94.60,1130.00
             94.60,1130.00 88.78,1140.00 88.78,1140.00
             88.78,1140.00 75.00,1166.00 75.00,1166.00
             75.00,1166.00 70.01,1165.40 70.01,1165.40
             70.01,1165.40 63.35,1172.00 63.35,1172.00
             63.35,1172.00 52.00,1191.00 52.00,1191.00
             44.17,1193.24 46.75,1199.80 36.00,1200.00
             36.00,1200.00 24.00,1200.00 24.00,1200.00
             22.33,1199.99 19.83,1200.08 18.30,1199.43
             14.89,1197.98 10.86,1191.58 10.22,1188.00
             10.22,1188.00 9.57,1179.00 9.57,1179.00
             8.33,1170.64 6.37,1169.52 5.22,1164.00
             3.77,1157.06 3.91,1149.08 4.00,1142.00
             4.12,1133.18 6.95,1132.60 7.02,1128.00
             7.09,1123.15 4.11,1116.51 3.16,1112.00
             3.16,1112.00 3.16,1091.00 3.16,1091.00
             3.02,1075.21 7.98,1075.10 8.00,1061.00
             8.00,1061.00 8.00,1042.00 8.00,1042.00
             8.04,1033.57 9.16,1034.24 9.92,1028.00
             9.92,1028.00 9.92,1017.00 9.92,1017.00
             10.11,1009.32 11.46,1010.15 12.69,1004.00
             12.69,1004.00 17.62,982.00 17.62,982.00
             17.62,982.00 22.21,971.00 22.21,971.00
             22.21,971.00 25.56,952.00 25.56,952.00
             25.56,952.00 26.51,937.00 26.51,937.00
             26.51,937.00 33.47,915.00 33.47,915.00
             34.56,910.20 33.29,907.41 35.10,902.00
             35.10,902.00 47.10,876.00 47.10,876.00
             47.10,876.00 48.63,869.00 48.63,869.00
             48.63,869.00 55.40,849.00 55.40,849.00
             55.40,849.00 57.55,839.00 57.55,839.00
             57.55,839.00 67.75,818.00 67.75,818.00
             67.75,818.00 83.86,786.00 83.86,786.00
             92.36,770.67 97.23,768.38 101.65,761.00
             101.65,761.00 122.75,720.00 122.75,720.00
             125.04,715.43 130.02,704.81 132.90,701.32
             134.77,699.07 136.74,697.87 138.99,696.10
             138.99,696.10 148.04,688.81 148.04,688.81
             148.04,688.81 159.79,682.09 159.79,682.09
             163.98,678.71 163.46,675.01 166.41,673.06
             169.60,670.95 175.10,672.17 179.00,670.18
             187.23,671.83 195.76,669.88 204.03,670.18
             207.73,670.56 211.44,671.96 214.16,668.52
             216.43,665.65 216.01,659.63 216.31,656.00
             216.96,647.99 218.43,639.83 220.23,632.00
             221.54,626.33 223.23,618.81 222.58,613.00
             222.58,613.00 222.58,607.00 222.58,607.00
             222.58,607.00 222.58,588.96 222.58,588.96
             222.58,588.96 222.58,582.00 222.58,582.00
             223.22,574.63 225.01,572.75 225.92,568.00
             225.92,568.00 227.36,553.00 227.36,553.00
             227.36,553.00 229.48,540.58 229.48,540.58
             229.48,540.58 229.48,532.00 229.48,532.00
             229.48,532.00 230.96,525.00 230.96,525.00
             230.96,525.00 232.77,505.00 232.77,505.00
             232.77,505.00 232.77,495.01 232.77,495.01
             232.67,488.22 232.19,487.40 232.77,480.00
             232.77,480.00 234.73,471.00 234.73,471.00
             235.05,467.47 233.46,462.39 234.73,454.96
             234.73,454.96 239.08,441.00 239.08,441.00
             240.23,436.63 240.99,427.64 241.00,423.00
             241.05,394.01 242.16,320.39 239.83,296.00
             239.83,296.00 236.80,274.92 236.80,274.92
             236.80,274.92 234.21,265.00 234.21,265.00
             234.21,265.00 232.89,250.00 232.89,250.00
             232.89,250.00 231.13,242.00 231.13,242.00
             230.55,236.88 231.56,235.79 229.96,229.00
             229.96,229.00 219.58,197.00 219.58,197.00
             219.58,197.00 211.76,180.00 211.76,180.00
             211.76,180.00 202.84,158.17 202.84,158.17
             202.84,158.17 196.54,145.00 196.54,145.00
             196.54,145.00 193.13,139.00 193.13,139.00
             189.55,131.08 193.50,127.75 183.40,116.18
             180.56,112.93 176.53,111.04 173.17,108.36
             173.17,108.36 151.00,91.00 151.00,91.00
             151.00,91.00 151.00,88.00 151.00,88.00
             151.00,88.00 134.00,84.86 134.00,84.86
             134.00,84.86 109.00,83.00 109.00,83.00
             104.85,85.63 101.53,83.64 97.00,85.30
             97.00,85.30 82.96,93.71 82.96,93.71
             82.96,93.71 78.00,94.55 78.00,94.55
             78.00,94.55 72.09,96.75 72.09,96.75
             72.09,96.75 67.13,97.40 67.13,97.40
             67.13,97.40 52.59,102.73 52.59,102.73
             49.42,103.55 48.06,102.44 44.92,103.81
             37.03,107.24 35.30,118.18 28.08,122.63
             24.38,124.90 22.14,123.52 19.80,124.60
             16.17,126.29 12.74,134.48 8.58,130.94
             7.61,130.11 7.44,129.11 7.45,127.90
             7.45,127.90 8.00,125.00 8.00,125.00 Z
           M 267.00,681.00
           C 267.00,681.00 269.00,681.00 269.00,681.00
             268.33,685.78 267.66,686.86 264.00,690.00
             264.00,690.00 267.00,681.00 267.00,681.00 Z
           M 86.00,1104.00
           C 86.00,1104.00 92.77,1093.00 92.77,1093.00
             92.77,1093.00 100.67,1082.00 100.67,1082.00
             100.67,1082.00 126.26,1032.00 126.26,1032.00
             133.61,1017.75 141.97,1004.44 142.00,988.00
             142.01,980.43 141.53,969.11 143.63,962.00
             143.63,962.00 147.65,953.00 147.65,953.00
             147.65,953.00 150.47,943.00 150.47,943.00
             152.77,936.95 155.34,934.19 157.10,927.00
             157.10,927.00 159.78,912.00 159.78,912.00
             159.78,912.00 164.86,898.00 164.86,898.00
             164.86,898.00 164.86,889.00 164.86,889.00
             164.86,889.00 167.47,874.00 167.47,874.00
             168.49,868.58 171.06,864.01 173.13,859.00
             176.24,851.46 174.01,849.63 175.96,844.00
             175.96,844.00 187.37,820.00 187.37,820.00
             188.36,816.50 187.99,807.12 188.00,803.00
             188.01,798.96 187.82,796.88 189.35,793.00
             190.80,789.32 194.85,783.31 192.53,779.48
             191.22,777.32 188.40,776.09 186.42,774.63
             183.86,772.74 181.18,769.57 177.96,768.90
             175.23,768.32 172.68,769.79 170.00,770.19
             170.00,770.19 160.08,770.19 160.08,770.19
             144.07,770.35 148.55,772.86 139.61,774.11
             133.73,774.93 129.96,772.24 126.00,778.00
             121.53,777.42 122.36,778.21 118.58,779.68
             109.80,783.10 111.87,782.07 105.00,788.93
             99.61,794.31 91.59,805.85 89.11,813.00
             89.11,813.00 85.33,827.00 85.33,827.00
             85.33,827.00 84.37,834.00 84.37,834.00
             84.37,834.00 78.75,846.00 78.75,846.00
             76.04,851.45 67.27,876.35 66.08,882.00
             66.08,882.00 66.08,893.00 66.08,893.00
             66.08,893.00 62.47,915.00 62.47,915.00
             62.47,915.00 57.36,928.00 57.36,928.00
             57.36,928.00 52.63,949.00 52.63,949.00
             52.63,949.00 50.16,957.00 50.16,957.00
             49.95,959.18 50.00,961.77 50.16,964.00
             50.16,964.00 48.00,985.00 48.00,985.00
             48.00,985.00 48.00,1007.00 48.00,1007.00
             47.98,1018.78 45.24,1018.16 43.23,1028.00
             43.23,1028.00 43.23,1049.00 43.23,1049.00
             43.05,1053.07 45.42,1063.23 46.83,1067.00
             46.83,1067.00 49.50,1073.00 49.50,1073.00
             49.50,1073.00 50.62,1080.96 50.62,1080.96
             50.62,1080.96 56.34,1102.98 56.34,1102.98
             57.93,1107.45 60.76,1108.56 65.20,1108.74
             75.34,1109.15 72.10,1104.82 86.00,1104.00 Z" />
</svg>
