<?xml version="1.0" encoding="UTF-8" standalone="no"?>
<!DOCTYPE svg PUBLIC "-//W3C//DTD SVG 20010904//EN"
              "http://www.w3.org/TR/2001/REC-SVG-20010904/DTD/svg10.dtd">

<svg xmlns="http://www.w3.org/2000/svg"
     width="3.50667in" height="3.86667in"
     viewBox="0 0 1052 1160">
  <path id="ae-2"
        fill="none" stroke="black" stroke-width="1"
        d="M 361.00,185.00
           C 361.00,185.00 423.00,192.00 423.00,192.00
             423.00,192.00 450.00,192.00 450.00,192.00
             450.00,192.00 465.00,193.00 465.00,193.00
             465.00,193.00 498.00,193.00 498.00,193.00
             498.00,193.00 517.00,194.00 517.00,194.00
             517.00,194.00 531.00,194.96 531.00,194.96
             531.00,194.96 545.00,194.01 545.00,194.01
             545.00,194.01 557.00,195.04 557.00,195.04
             557.00,195.04 573.00,195.04 573.00,195.04
             573.00,195.04 580.00,195.91 580.00,195.91
             580.00,195.91 590.00,196.44 590.00,196.44
             603.00,198.47 609.64,202.02 624.00,202.00
             624.00,202.00 641.00,201.00 641.00,201.00
             641.00,201.00 663.00,201.00 663.00,201.00
             663.00,201.00 678.00,200.00 678.00,200.00
             678.00,200.00 701.00,200.00 701.00,200.00
             701.00,200.00 717.00,199.00 717.00,199.00
             717.00,199.00 774.00,198.00 774.00,198.00
             787.08,197.98 801.70,194.25 814.00,200.00
             814.00,200.00 817.00,197.00 817.00,197.00
             818.77,206.28 827.18,216.01 835.00,221.00
             835.00,221.00 834.00,224.00 834.00,224.00
             839.70,225.73 841.47,225.63 842.00,232.00
             842.00,232.00 847.00,232.00 847.00,232.00
             848.36,237.51 850.11,240.32 856.00,241.00
             860.88,247.82 867.13,253.80 872.72,260.04
             872.72,260.04 879.59,268.91 879.59,268.91
             879.59,268.91 883.42,273.28 883.42,273.28
             883.42,273.28 885.99,278.68 885.99,278.68
             887.04,280.41 888.64,281.44 889.43,283.32
             890.06,284.83 891.47,298.13 891.26,300.00
             890.39,307.68 876.56,320.41 871.00,326.00
             871.00,326.00 859.96,338.00 859.96,338.00
             859.96,338.00 818.42,381.28 818.42,381.28
             818.42,381.28 806.91,394.00 806.91,394.00
             806.91,394.00 770.91,432.00 770.91,432.00
             770.91,432.00 741.04,463.00 741.04,463.00
             741.04,463.00 680.51,526.67 680.51,526.67
             680.51,526.67 674.63,532.27 674.63,532.27
             674.63,532.27 655.54,553.00 655.54,553.00
             655.54,553.00 646.60,560.22 646.60,560.22
             646.60,560.22 632.72,576.96 632.72,576.96
             628.33,581.85 617.39,591.92 614.23,597.42
             614.23,597.42 611.00,605.00 611.00,605.00
             611.00,605.00 612.00,606.00 612.00,606.00
             612.00,606.00 616.00,604.00 616.00,604.00
             616.00,604.00 615.04,619.00 615.04,619.00
             615.04,619.00 623.00,632.00 623.00,632.00
             623.00,632.00 620.00,633.00 620.00,633.00
             620.00,633.00 623.00,641.00 623.00,641.00
             623.00,641.00 628.00,640.00 628.00,640.00
             628.00,640.00 630.00,647.00 630.00,647.00
             630.11,648.55 630.01,649.45 630.61,650.99
             630.61,650.99 641.40,668.00 641.40,668.00
             641.40,668.00 655.90,691.00 655.90,691.00
             655.90,691.00 667.14,706.00 667.14,706.00
             667.14,706.00 675.37,718.42 675.37,718.42
             678.04,722.49 676.73,724.25 682.00,726.00
             682.40,731.54 683.39,733.53 688.00,736.83
             688.00,736.83 695.21,742.53 695.21,742.53
             701.65,744.47 714.13,732.24 718.90,728.25
             718.90,728.25 725.21,721.66 725.21,721.66
             725.21,721.66 738.74,711.26 738.74,711.26
             738.74,711.26 742.41,707.45 742.41,707.45
             742.41,707.45 753.00,698.41 753.00,698.41
             759.55,693.46 764.56,693.90 771.01,688.55
             771.01,688.55 784.00,676.09 784.00,676.09
             784.00,676.09 817.00,645.01 817.00,645.01
             820.16,641.93 835.09,627.85 838.00,626.91
             843.48,625.14 853.28,634.82 853.15,640.00
             853.05,644.08 845.00,650.10 842.00,652.99
             842.00,652.99 806.00,685.97 806.00,685.97
             806.00,685.97 783.02,707.00 783.02,707.00
             783.02,707.00 773.95,717.72 773.95,717.72
             773.95,717.72 717.00,769.17 717.00,769.17
             717.00,769.17 668.00,813.71 668.00,813.71
             668.00,813.71 658.85,820.40 658.85,820.40
             658.85,820.40 650.93,828.74 650.93,828.74
             640.56,838.41 630.39,848.69 619.00,857.15
             615.20,859.98 608.69,867.23 604.00,866.58
             600.47,866.09 596.47,861.46 594.00,859.00
             594.00,859.00 572.99,837.00 572.99,837.00
             556.10,819.69 554.56,816.66 540.63,798.00
             540.63,798.00 527.46,780.00 527.46,780.00
             527.46,780.00 509.70,748.00 509.70,748.00
             509.70,748.00 497.00,725.00 497.00,725.00
             497.00,725.00 484.36,742.00 484.36,742.00
             484.36,742.00 466.12,766.00 466.12,766.00
             466.12,766.00 430.56,812.00 430.56,812.00
             430.56,812.00 411.17,833.00 411.17,833.00
             411.17,833.00 385.00,863.00 385.00,863.00
             385.00,863.00 324.00,815.58 324.00,815.58
             324.00,815.58 242.00,749.61 242.00,749.61
             242.00,749.61 205.00,719.83 205.00,719.83
             198.89,714.31 185.25,697.21 179.39,690.00
             179.39,690.00 164.57,672.87 164.57,672.87
             162.39,669.72 159.89,666.68 158.68,663.00
             157.05,658.04 157.64,652.01 153.00,649.00
             153.00,649.00 149.29,633.00 149.29,633.00
             149.29,633.00 145.72,601.00 145.72,601.00
             145.72,601.00 144.65,584.00 144.65,584.00
             144.65,584.00 159.40,558.00 159.40,558.00
             159.40,558.00 190.15,506.00 190.15,506.00
             190.15,506.00 211.57,470.00 211.57,470.00
             211.57,470.00 282.60,349.00 282.60,349.00
             282.60,349.00 301.98,317.00 301.98,317.00
             301.98,317.00 318.01,280.00 318.01,280.00
             318.01,280.00 343.58,219.00 343.58,219.00
             343.58,219.00 358.00,186.00 358.00,186.00
             358.00,186.00 358.00,199.00 358.00,199.00
             358.00,199.00 361.00,185.00 361.00,185.00 Z
           M 405.00,705.00
           C 410.87,705.67 419.29,713.17 423.51,717.44
             423.51,717.44 426.68,721.03 426.68,721.03
             426.68,721.03 432.00,723.51 432.00,723.51
             435.47,725.52 438.69,729.81 442.96,727.35
             445.08,726.13 450.64,719.25 452.58,717.01
             452.58,717.01 471.72,695.00 471.72,695.00
             474.28,692.04 479.24,686.95 479.40,683.00
             479.49,680.77 477.45,675.35 476.67,673.00
             476.67,673.00 468.41,651.00 468.41,651.00
             466.68,645.22 469.71,644.13 469.78,640.83
             469.83,638.22 467.86,638.17 468.00,626.00
             468.00,626.00 469.04,611.00 469.04,611.00
             469.04,611.00 469.04,596.00 469.04,596.00
             469.04,596.00 470.00,585.00 470.00,585.00
             470.00,585.00 470.00,566.00 470.00,566.00
             470.00,566.00 471.00,553.00 471.00,553.00
             471.00,553.00 471.00,534.00 471.00,534.00
             471.00,534.00 472.00,517.00 472.00,517.00
             472.00,517.00 474.00,400.00 474.00,400.00
             474.00,400.00 475.00,383.00 475.00,383.00
             475.00,383.00 475.00,349.00 475.00,349.00
             474.77,336.77 460.02,337.10 451.00,337.00
             451.00,337.00 437.00,336.00 437.00,336.00
             437.00,336.00 433.00,336.00 433.00,336.00
             433.00,336.00 423.00,335.00 423.00,335.00
             423.00,335.00 413.00,335.00 413.00,335.00
             413.00,335.00 399.00,334.00 399.00,334.00
             392.53,333.91 392.57,332.90 389.00,332.77
             389.00,332.77 383.00,332.77 383.00,332.77
             383.00,332.77 366.00,332.00 366.00,332.00
             366.00,332.00 353.00,331.00 353.00,331.00
             349.97,330.97 342.74,330.56 340.33,332.02
             337.97,333.45 334.68,339.45 333.00,342.00
             333.00,342.00 317.66,366.00 317.66,366.00
             317.66,366.00 255.69,464.00 255.69,464.00
             246.78,477.86 237.76,488.65 239.85,506.00
             240.10,508.11 240.14,509.96 240.89,512.00
             242.66,516.84 246.46,520.29 249.46,524.28
             249.46,524.28 252.72,529.55 252.72,529.55
             252.72,529.55 257.54,534.13 257.54,534.13
             257.54,534.13 268.56,549.00 268.56,549.00
             268.56,549.00 292.38,586.00 292.38,586.00
             292.38,586.00 311.83,607.00 311.83,607.00
             311.83,607.00 360.09,659.00 360.09,659.00
             360.09,659.00 386.00,685.96 386.00,685.96
             394.31,693.81 397.80,693.57 405.00,705.00 Z
           M 728.00,421.00
           C 739.67,415.00 751.24,399.00 760.17,389.07
             763.34,385.55 769.55,381.16 769.22,376.00
             768.85,370.24 760.22,364.21 756.00,360.58
             746.32,352.24 744.60,351.76 734.00,345.40
             731.17,343.70 725.96,340.31 723.00,339.25
             720.06,338.69 705.95,338.96 702.00,339.25
             702.00,339.25 687.00,340.00 687.00,340.00
             687.00,340.00 642.00,340.00 642.00,340.00
             642.00,340.00 626.00,341.00 626.00,341.00
             626.00,341.00 597.00,341.00 597.00,341.00
             597.00,341.00 595.96,356.00 595.96,356.00
             595.96,356.00 595.96,368.00 595.96,368.00
             595.96,368.00 595.00,380.00 595.00,380.00
             595.00,380.00 593.00,436.00 593.00,436.00
             593.00,436.00 591.96,452.00 591.96,452.00
             591.96,452.00 591.96,465.00 591.96,465.00
             591.96,465.00 590.96,477.00 590.96,477.00
             590.96,477.00 590.96,489.00 590.96,489.00
             590.96,489.00 589.77,499.00 589.77,499.00
             589.77,499.00 589.77,520.00 589.77,520.00
             589.77,520.00 598.00,556.00 598.00,556.00
             598.00,556.00 612.55,542.72 612.55,542.72
             612.55,542.72 617.13,537.13 617.13,537.13
             617.13,537.13 629.67,526.26 629.67,526.26
             629.67,526.26 637.13,517.17 637.13,517.17
             637.13,517.17 651.10,504.07 651.10,504.07
             651.10,504.07 657.75,496.56 657.75,496.56
             657.75,496.56 667.67,487.58 667.67,487.58
             667.67,487.58 673.33,480.17 673.33,480.17
             673.33,480.17 686.32,467.64 686.32,467.64
             686.32,467.64 697.00,456.00 697.00,456.00
             697.00,456.00 699.00,458.00 699.00,458.00
             701.74,449.56 702.36,452.56 706.96,446.87
             711.63,441.10 716.62,432.19 724.00,430.00
             725.22,426.76 725.53,425.03 729.00,424.00
             729.00,424.00 728.00,421.00 728.00,421.00 Z
           M 660.00,496.00
           C 660.00,496.00 659.00,496.00 659.00,496.00
             659.00,496.00 660.00,497.00 660.00,497.00
             660.00,497.00 660.00,496.00 660.00,496.00 Z
           M 629.00,648.00
           C 629.00,648.00 628.00,648.00 628.00,648.00
             628.00,648.00 629.00,649.00 629.00,649.00
             629.00,649.00 629.00,648.00 629.00,648.00 Z" />
</svg>
