<?xml version="1.0" encoding="UTF-8" standalone="no"?>
<!DOCTYPE svg PUBLIC "-//W3C//DTD SVG 20010904//EN"
              "http://www.w3.org/TR/2001/REC-SVG-20010904/DTD/svg10.dtd">

<svg xmlns="http://www.w3.org/2000/svg"
     width="32in" height="42.6667in"
     viewBox="0 0 3072 4096">
  <path id="Selection"
        fill="none" stroke="black" stroke-width="1"
        d="M 1749.00,541.53
           C 1756.41,540.49 1763.33,544.31 1770.00,547.15
             1770.00,547.15 1803.00,560.72 1803.00,560.72
             1807.59,562.70 1816.35,565.44 1819.30,569.21
             1821.70,572.28 1824.31,583.73 1825.37,588.00
             1825.37,588.00 1835.87,629.00 1835.87,629.00
             1835.87,629.00 1866.88,749.00 1866.88,749.00
             1866.88,749.00 1874.71,779.00 1874.71,779.00
             1876.81,786.38 1879.80,795.37 1878.70,803.00
             1878.70,803.00 1871.00,828.00 1871.00,828.00
             1871.00,828.00 1856.33,872.00 1856.33,872.00
             1856.33,872.00 1829.31,953.00 1829.31,953.00
             1829.31,953.00 1807.05,1014.00 1807.05,1014.00
             1807.05,1014.00 1738.05,1203.00 1738.05,1203.00
             1738.05,1203.00 1714.42,1268.00 1714.42,1268.00
             1714.42,1268.00 1703.11,1298.00 1703.11,1298.00
             1703.11,1298.00 1688.30,1325.00 1688.30,1325.00
             1688.30,1325.00 1661.30,1374.00 1661.30,1374.00
             1661.30,1374.00 1618.30,1452.00 1618.30,1452.00
             1618.30,1452.00 1603.42,1479.00 1603.42,1479.00
             1601.19,1482.94 1598.69,1488.33 1595.48,1491.47
             1591.90,1494.98 1572.97,1503.26 1567.00,1506.25
             1567.00,1506.25 1527.00,1525.26 1527.00,1525.26
             1527.00,1525.26 1499.00,1538.36 1499.00,1538.36
             1492.15,1540.22 1476.80,1532.07 1470.00,1529.15
             1470.00,1529.15 1399.00,1499.00 1399.00,1499.00
             1399.00,1499.00 1359.00,1482.00 1359.00,1482.00
             1359.00,1482.00 1335.00,1471.24 1335.00,1471.24
             1335.00,1471.24 1304.00,1448.37 1304.00,1448.37
             1304.00,1448.37 1244.00,1403.37 1244.00,1403.37
             1244.00,1403.37 1200.00,1370.37 1200.00,1370.37
             1200.00,1370.37 1176.09,1351.91 1176.09,1351.91
             1176.09,1351.91 1154.35,1324.00 1154.35,1324.00
             1154.35,1324.00 1110.13,1266.00 1110.13,1266.00
             1110.13,1266.00 1055.37,1194.00 1055.37,1194.00
             1051.39,1188.70 1038.51,1172.94 1036.85,1168.00
             1036.05,1165.61 1036.03,1163.48 1036.00,1161.00
             1036.00,1161.00 1036.00,1024.00 1036.00,1024.00
             1036.00,1021.32 1035.90,1018.60 1036.63,1016.00
             1037.95,1011.35 1049.06,992.41 1052.15,987.00
             1052.15,987.00 1093.72,914.00 1093.72,914.00
             1093.72,914.00 1129.58,851.00 1129.58,851.00
             1129.58,851.00 1151.86,812.00 1151.86,812.00
             1151.86,812.00 1186.58,764.00 1186.58,764.00
             1186.58,764.00 1249.12,678.00 1249.12,678.00
             1249.12,678.00 1291.29,620.00 1291.29,620.00
             1291.29,620.00 1304.37,602.00 1304.37,602.00
             1306.41,599.28 1309.22,595.10 1312.17,593.45
             1315.76,591.45 1320.88,592.20 1325.00,591.72
             1325.00,591.72 1347.00,591.00 1347.00,591.00
             1347.00,591.00 1362.00,590.00 1362.00,590.00
             1362.00,590.00 1406.00,589.00 1406.00,589.00
             1406.00,589.00 1421.00,588.00 1421.00,588.00
             1421.00,588.00 1492.00,586.00 1492.00,586.00
             1492.00,586.00 1508.00,585.00 1508.00,585.00
             1508.00,585.00 1521.00,585.00 1521.00,585.00
             1521.00,585.00 1537.00,584.00 1537.00,584.00
             1537.00,584.00 1551.00,584.00 1551.00,584.00
             1551.00,584.00 1567.00,583.00 1567.00,583.00
             1567.00,583.00 1581.00,583.00 1581.00,583.00
             1581.00,583.00 1596.00,582.00 1596.00,582.00
             1596.00,582.00 1610.00,582.00 1610.00,582.00
             1610.00,582.00 1625.00,581.00 1625.00,581.00
             1631.99,580.99 1654.24,580.72 1660.00,579.24
             1660.00,579.24 1684.00,569.30 1684.00,569.30
             1684.00,569.30 1725.00,551.58 1725.00,551.58
             1725.00,551.58 1749.00,541.53 1749.00,541.53 Z
           M 1450.00,696.10
           C 1450.00,696.10 1425.00,698.00 1425.00,698.00
             1425.00,698.00 1388.00,700.00 1388.00,700.00
             1388.00,700.00 1374.00,701.00 1374.00,701.00
             1374.00,701.00 1357.00,702.00 1357.00,702.00
             1357.00,702.00 1329.00,703.58 1329.00,703.58
             1326.13,703.96 1322.55,703.90 1320.00,705.17
             1316.25,707.05 1304.71,719.29 1301.00,723.00
             1301.00,723.00 1264.00,760.00 1264.00,760.00
             1264.00,760.00 1245.17,779.00 1245.17,779.00
             1245.17,779.00 1226.73,801.00 1226.73,801.00
             1226.73,801.00 1180.59,856.00 1180.59,856.00
             1180.59,856.00 1143.75,900.00 1143.75,900.00
             1143.75,900.00 1125.21,923.00 1125.21,923.00
             1122.60,927.66 1120.21,942.93 1119.00,949.00
             1119.00,949.00 1112.20,983.00 1112.20,983.00
             1111.26,987.69 1108.92,997.73 1109.06,1002.00
             1109.29,1009.19 1118.20,1023.16 1121.74,1030.00
             1121.74,1030.00 1157.14,1096.00 1157.14,1096.00
             1157.14,1096.00 1168.45,1117.00 1168.45,1117.00
             1168.45,1117.00 1209.66,1180.00 1209.66,1180.00
             1209.66,1180.00 1226.66,1206.00 1226.66,1206.00
             1229.44,1210.26 1232.58,1216.12 1236.30,1219.47
             1240.06,1222.86 1251.09,1228.14 1256.00,1230.86
             1256.00,1230.86 1300.00,1254.31 1300.00,1254.31
             1300.00,1254.31 1375.00,1294.31 1375.00,1294.31
             1375.00,1294.31 1415.00,1315.68 1415.00,1315.68
             1415.00,1315.68 1442.00,1327.42 1442.00,1327.42
             1442.00,1327.42 1530.00,1365.42 1530.00,1365.42
             1530.00,1365.42 1553.00,1375.42 1553.00,1375.42
             1556.83,1377.06 1560.70,1379.18 1565.00,1378.63
             1569.65,1378.05 1584.88,1369.81 1590.00,1367.25
             1595.96,1364.26 1615.75,1355.06 1619.53,1351.47
             1623.27,1347.93 1635.47,1325.92 1638.85,1320.00
             1638.85,1320.00 1674.20,1259.00 1674.20,1259.00
             1674.20,1259.00 1712.42,1193.00 1712.42,1193.00
             1712.42,1193.00 1735.53,1152.00 1735.53,1152.00
             1735.53,1152.00 1745.00,1108.00 1745.00,1108.00
             1745.00,1108.00 1761.20,1028.00 1761.20,1028.00
             1761.20,1028.00 1776.21,954.00 1776.21,954.00
             1776.21,954.00 1787.56,898.00 1787.56,898.00
             1787.56,898.00 1792.17,849.00 1792.17,849.00
             1792.17,849.00 1795.00,818.00 1795.00,818.00
             1795.03,815.49 1795.21,810.18 1794.40,808.00
             1792.59,803.07 1783.07,795.86 1779.00,791.96
             1779.00,791.96 1739.00,754.91 1739.00,754.91
             1739.00,754.91 1709.00,727.00 1709.00,727.00
             1705.08,723.17 1692.10,710.87 1688.00,708.92
             1683.04,706.57 1666.36,704.31 1660.00,703.25
             1660.00,703.25 1612.00,696.10 1612.00,696.10
             1612.00,696.10 1507.00,696.10 1507.00,696.10
             1507.00,696.10 1450.00,696.10 1450.00,696.10 Z
           M 1584.00,1072.00
           C 1583.76,1081.66 1572.75,1102.31 1568.31,1112.00
             1568.31,1112.00 1529.86,1197.00 1529.86,1197.00
             1529.86,1197.00 1517.22,1225.00 1517.22,1225.00
             1515.70,1228.21 1513.86,1232.90 1509.96,1233.59
             1506.10,1234.28 1492.23,1227.22 1488.00,1225.22
             1488.00,1225.22 1461.00,1212.53 1461.00,1212.53
             1461.00,1212.53 1434.00,1191.40 1434.00,1191.40
             1434.00,1191.40 1370.00,1139.80 1370.00,1139.80
             1370.00,1139.80 1336.53,1111.96 1336.53,1111.96
             1332.38,1106.82 1329.63,1098.97 1326.74,1093.00
             1326.74,1093.00 1308.75,1056.00 1308.75,1056.00
             1308.75,1056.00 1293.75,1025.00 1293.75,1025.00
             1292.01,1021.51 1286.55,1010.31 1286.25,1007.00
             1285.78,1001.73 1289.39,999.14 1293.00,996.08
             1293.00,996.08 1315.00,977.75 1315.00,977.75
             1319.11,974.33 1327.60,967.56 1330.82,963.99
             1335.06,959.28 1345.49,942.29 1349.42,936.00
             1349.42,936.00 1374.31,897.00 1374.31,897.00
             1374.31,897.00 1404.19,850.00 1404.19,850.00
             1407.23,845.12 1412.76,834.76 1418.00,832.74
             1420.25,831.87 1423.57,832.00 1426.00,831.96
             1426.00,831.96 1439.00,831.96 1439.00,831.96
             1439.00,831.96 1451.00,831.00 1451.00,831.00
             1451.00,831.00 1490.00,831.00 1490.00,831.00
             1490.00,831.00 1505.00,830.00 1505.00,830.00
             1505.00,830.00 1541.00,830.00 1541.00,830.00
             1541.00,830.00 1558.00,829.00 1558.00,829.00
             1558.00,829.00 1596.00,829.00 1596.00,829.00
             1608.32,828.98 1615.67,826.61 1629.00,829.00
             1628.57,836.72 1624.52,842.40 1620.86,849.00
             1620.86,849.00 1609.00,871.00 1609.00,871.00
             1609.00,871.00 1588.42,909.00 1588.42,909.00
             1585.99,913.32 1583.10,920.47 1578.91,923.07
             1575.78,925.00 1566.01,925.70 1562.00,926.07
             1562.00,926.07 1530.00,929.09 1530.00,929.09
             1530.00,929.09 1500.00,931.83 1500.00,931.83
             1500.00,931.83 1438.00,936.83 1438.00,936.83
             1438.00,936.83 1413.00,938.83 1413.00,938.83
             1408.34,939.28 1403.43,938.79 1399.00,940.70
             1392.76,943.39 1383.59,961.49 1379.85,968.00
             1379.85,968.00 1364.60,994.00 1364.60,994.00
             1362.95,996.75 1358.71,1002.87 1359.13,1005.99
             1359.79,1010.93 1372.63,1016.90 1377.00,1019.22
             1377.00,1019.22 1431.00,1048.75 1431.00,1048.75
             1431.00,1048.75 1496.00,1084.31 1496.00,1084.31
             1496.00,1084.31 1514.00,1094.22 1514.00,1094.22
             1516.54,1095.56 1521.23,1098.17 1524.00,1098.29
             1527.81,1098.44 1536.30,1093.60 1540.00,1091.75
             1540.00,1091.75 1566.00,1078.75 1566.00,1078.75
             1572.28,1075.61 1576.85,1072.40 1584.00,1072.00 Z" />
</svg>
