<?xml version="1.0" encoding="UTF-8" standalone="no"?>
<!DOCTYPE svg PUBLIC "-//W3C//DTD SVG 20010904//EN"
              "http://www.w3.org/TR/2001/REC-SVG-20010904/DTD/svg10.dtd">

<svg xmlns="http://www.w3.org/2000/svg"
     width="6.46667in" height="9.53333in"
     viewBox="0 0 1940 2860">
  <path id="mu"
        fill="none" stroke="black" stroke-width="1"
        d="M 958.00,179.00
           C 958.00,192.59 956.27,189.95 956.02,197.00
             956.02,197.00 958.00,217.00 958.00,217.00
             958.02,229.62 959.58,242.86 963.14,255.00
             964.65,260.15 966.83,265.10 969.00,270.00
             969.86,271.93 971.09,275.02 973.21,275.86
             978.62,277.98 988.06,265.18 990.00,261.00
             991.41,257.95 990.92,251.85 991.73,248.00
             991.73,248.00 991.73,198.00 991.73,198.00
             991.73,198.00 991.73,189.00 991.73,189.00
             993.09,184.16 999.41,179.35 1004.00,178.00
             1004.00,178.00 1004.00,194.00 1004.00,194.00
             1003.88,202.70 1002.02,199.96 1002.00,211.00
             1002.00,211.00 1002.00,234.00 1002.00,234.00
             1002.00,234.00 1001.01,251.00 1001.01,251.00
             1001.29,263.25 1004.85,265.93 1009.00,276.00
             1009.00,276.00 1018.00,270.00 1018.00,270.00
             1016.12,276.92 1007.95,286.96 1001.00,289.00
             1001.00,289.00 991.00,266.00 991.00,266.00
             988.86,273.30 980.04,281.94 974.00,286.43
             971.73,288.12 968.59,291.49 965.52,289.96
             961.50,287.97 959.52,278.92 955.00,274.00
             955.00,274.00 955.00,321.00 955.00,321.00
             955.00,321.00 954.05,333.00 954.05,333.00
             954.05,333.00 954.05,348.00 954.05,348.00
             954.05,348.00 955.00,361.00 955.00,361.00
             955.14,373.18 955.76,385.53 946.91,395.00
             943.83,398.29 942.33,399.73 938.00,401.00
             939.48,395.54 941.13,395.17 942.53,391.00
             943.83,387.12 943.99,382.07 944.00,378.00
             944.00,378.00 944.00,318.00 944.00,318.00
             944.00,318.00 945.00,303.00 945.00,303.00
             945.00,303.00 945.00,280.00 945.00,280.00
             944.98,269.99 943.91,273.66 942.47,266.96
             942.47,266.96 940.47,253.00 940.47,253.00
             940.47,253.00 936.91,240.00 936.91,240.00
             936.18,236.29 934.38,228.37 929.00,230.16
             926.20,231.09 925.70,233.33 920.00,235.00
             921.81,228.84 932.77,216.83 939.00,215.00
             946.51,229.29 942.70,233.40 946.00,245.00
             946.00,245.00 946.00,215.00 946.00,215.00
             945.96,207.51 941.13,194.64 942.64,190.00
             944.56,184.10 952.12,179.46 958.00,179.00 Z" />
</svg>
