<?xml version="1.0" encoding="UTF-8" standalone="no"?>
<!DOCTYPE svg PUBLIC "-//W3C//DTD SVG 20010904//EN"
              "http://www.w3.org/TR/2001/REC-SVG-20010904/DTD/svg10.dtd">

<svg xmlns="http://www.w3.org/2000/svg"
     width="13.6533in" height="10.24in"
     viewBox="0 0 4096 3072">
  <path id="neg-1"
        fill="none" stroke="black" stroke-width="1"
        d="M 1736.00,1099.79
           C 1730.95,1111.08 1724.69,1111.63 1721.57,1118.01
             1718.51,1124.27 1720.99,1133.97 1721.00,1141.00
             1721.00,1141.00 1721.00,1169.00 1721.00,1169.00
             1721.00,1169.00 1721.66,1180.00 1721.66,1180.00
             1721.66,1180.00 1721.08,1187.00 1721.08,1187.00
             1721.08,1187.00 1722.00,1200.00 1722.00,1200.00
             1722.00,1200.00 1722.00,1233.00 1722.00,1233.00
             1722.00,1233.00 1723.00,1250.00 1723.00,1250.00
             1723.00,1250.00 1723.00,1308.00 1723.00,1308.00
             1723.00,1308.00 1724.00,1323.00 1724.00,1323.00
             1724.00,1323.00 1724.00,1347.00 1724.00,1347.00
             1724.00,1347.00 1724.96,1359.00 1724.96,1359.00
             1724.96,1359.00 1724.96,1374.00 1724.96,1374.00
             1724.96,1374.00 1726.00,1389.00 1726.00,1389.00
             1726.00,1389.00 1726.00,1407.00 1726.00,1407.00
             1726.00,1407.00 1727.96,1430.00 1727.96,1430.00
             1728.40,1441.39 1718.37,1451.34 1711.87,1460.00
             1711.87,1460.00 1667.85,1520.00 1667.85,1520.00
             1667.85,1520.00 1656.90,1534.00 1656.90,1534.00
             1656.90,1534.00 1646.00,1550.00 1646.00,1550.00
             1643.55,1553.69 1639.22,1560.78 1634.99,1562.22
             1632.61,1563.03 1630.17,1562.40 1628.00,1561.31
             1618.70,1556.62 1620.96,1543.87 1621.00,1535.00
             1621.00,1535.00 1621.98,1520.00 1621.98,1520.00
             1621.98,1520.00 1621.00,1507.00 1621.00,1507.00
             1621.00,1507.00 1621.00,1480.00 1621.00,1480.00
             1621.00,1480.00 1620.00,1463.00 1620.00,1463.00
             1620.00,1463.00 1620.00,1417.00 1620.00,1417.00
             1620.00,1417.00 1619.00,1400.01 1619.00,1400.01
             1619.00,1400.01 1619.00,1332.00 1619.00,1332.00
             1619.00,1332.00 1618.00,1317.00 1618.00,1317.00
             1618.00,1317.00 1618.00,1277.00 1618.00,1277.00
             1618.00,1277.00 1618.96,1267.00 1618.96,1267.00
             1618.96,1267.00 1618.96,1254.00 1618.96,1254.00
             1618.99,1249.52 1619.35,1242.77 1614.86,1240.06
             1611.83,1238.43 1603.15,1239.99 1599.00,1240.06
             1599.00,1240.06 1588.00,1240.06 1588.00,1240.06
             1588.00,1240.06 1561.00,1242.00 1561.00,1242.00
             1561.00,1242.00 1532.00,1243.00 1532.00,1243.00
             1532.00,1243.00 1518.00,1244.00 1518.00,1244.00
             1518.00,1244.00 1478.00,1246.00 1478.00,1246.00
             1478.00,1246.00 1461.00,1247.00 1461.00,1247.00
             1461.00,1247.00 1428.00,1247.00 1428.00,1247.00
             1428.00,1247.00 1419.00,1246.47 1419.00,1246.47
             1414.58,1246.68 1414.58,1247.99 1405.00,1247.87
             1405.00,1247.87 1374.00,1247.87 1374.00,1247.87
             1374.00,1247.87 1351.00,1249.00 1351.00,1249.00
             1351.00,1249.00 1334.00,1249.00 1334.00,1249.00
             1334.00,1249.00 1318.00,1250.00 1318.00,1250.00
             1318.00,1250.00 1286.00,1250.00 1286.00,1250.00
             1274.95,1249.98 1270.00,1247.08 1264.00,1247.08
             1264.00,1247.08 1229.00,1251.00 1229.00,1251.00
             1229.00,1251.00 1210.00,1252.00 1210.00,1252.00
             1210.00,1252.00 1177.00,1252.00 1177.00,1252.00
             1177.00,1252.00 1162.00,1251.00 1162.00,1251.00
             1162.00,1251.00 1133.00,1251.00 1133.00,1251.00
             1133.00,1251.00 1116.00,1250.00 1116.00,1250.00
             1116.00,1250.00 1084.00,1250.00 1084.00,1250.00
             1084.00,1250.00 1067.00,1249.00 1067.00,1249.00
             1067.00,1249.00 1028.00,1249.00 1028.00,1249.00
             1028.00,1249.00 1011.00,1248.00 1011.00,1248.00
             1011.00,1248.00 931.00,1248.00 931.00,1248.00
             931.00,1248.00 914.00,1249.00 914.00,1249.00
             914.00,1249.00 899.00,1249.00 899.00,1249.00
             899.00,1249.00 883.00,1250.00 883.00,1250.00
             883.00,1250.00 865.00,1251.00 865.00,1251.00
             865.00,1251.00 810.00,1255.68 810.00,1255.68
             804.48,1256.09 792.57,1252.16 787.00,1250.25
             784.44,1249.38 780.98,1248.09 780.82,1244.90
             780.66,1241.51 784.67,1237.42 786.73,1235.00
             786.73,1235.00 806.17,1214.00 806.17,1214.00
             806.17,1214.00 850.70,1166.00 850.70,1166.00
             850.70,1166.00 870.37,1140.00 870.37,1140.00
             874.27,1134.75 885.32,1118.02 890.09,1115.45
             893.14,1113.81 896.65,1114.01 900.00,1114.00
             900.00,1114.00 905.00,1114.00 905.00,1114.00
             905.00,1114.00 914.00,1113.34 914.00,1113.34
             914.00,1113.34 924.00,1114.00 924.00,1114.00
             924.00,1114.00 928.00,1114.00 928.00,1114.00
             928.00,1114.00 941.00,1113.05 941.00,1113.05
             941.00,1113.05 955.00,1113.05 955.00,1113.05
             955.00,1113.05 966.00,1114.00 966.00,1114.00
             966.00,1114.00 985.00,1114.00 985.00,1114.00
             985.00,1114.00 995.00,1115.04 995.00,1115.04
             995.00,1115.04 1005.00,1115.04 1005.00,1115.04
             1010.69,1115.71 1016.24,1117.18 1022.00,1116.96
             1022.00,1116.96 1030.00,1115.90 1030.00,1115.90
             1030.00,1115.90 1045.00,1115.90 1045.00,1115.90
             1045.00,1115.90 1055.00,1115.90 1055.00,1115.90
             1055.00,1115.90 1131.00,1115.90 1131.00,1115.90
             1131.00,1115.90 1151.00,1117.84 1151.00,1117.84
             1151.00,1117.84 1164.00,1117.84 1164.00,1117.84
             1164.00,1117.84 1173.00,1117.84 1173.00,1117.84
             1173.00,1117.84 1186.00,1117.84 1186.00,1117.84
             1186.00,1117.84 1213.00,1120.00 1213.00,1120.00
             1213.00,1120.00 1234.00,1119.01 1234.00,1119.01
             1234.00,1119.01 1250.00,1120.00 1250.00,1120.00
             1250.00,1120.00 1283.28,1122.15 1283.28,1122.15
             1283.28,1122.15 1298.00,1120.10 1298.00,1120.10
             1298.00,1120.10 1312.00,1121.00 1312.00,1121.00
             1312.00,1121.00 1337.00,1120.32 1337.00,1120.32
             1337.00,1120.32 1358.00,1122.99 1358.00,1122.99
             1358.00,1122.99 1381.00,1120.92 1381.00,1120.92
             1381.00,1120.92 1394.00,1120.92 1394.00,1120.92
             1394.00,1120.92 1407.00,1119.04 1407.00,1119.04
             1407.00,1119.04 1421.00,1119.91 1421.00,1119.91
             1421.00,1119.91 1448.00,1117.17 1448.00,1117.17
             1448.00,1117.17 1470.00,1116.00 1470.00,1116.00
             1470.00,1116.00 1489.00,1114.09 1489.00,1114.09
             1489.00,1114.09 1504.00,1114.09 1504.00,1114.09
             1504.00,1114.09 1517.00,1115.00 1517.00,1115.00
             1517.00,1115.00 1535.00,1114.00 1535.00,1114.00
             1535.00,1114.00 1554.00,1113.00 1554.00,1113.00
             1554.00,1113.00 1569.00,1113.00 1569.00,1113.00
             1569.00,1113.00 1596.00,1111.00 1596.00,1111.00
             1596.00,1111.00 1614.00,1109.00 1614.00,1109.00
             1614.00,1109.00 1635.00,1107.83 1635.00,1107.83
             1642.23,1107.07 1642.02,1106.01 1651.00,1106.00
             1664.07,1105.98 1663.33,1105.28 1675.00,1104.17
             1675.00,1104.17 1693.00,1102.83 1693.00,1102.83
             1693.00,1102.83 1719.00,1099.79 1719.00,1099.79
             1725.55,1098.69 1729.83,1097.16 1736.00,1099.79 Z" />
</svg>
