<?xml version="1.0" encoding="UTF-8" standalone="no"?>
<!DOCTYPE svg PUBLIC "-//W3C//DTD SVG 20010904//EN"
              "http://www.w3.org/TR/2001/REC-SVG-20010904/DTD/svg10.dtd">

<svg xmlns="http://www.w3.org/2000/svg"
     width="42.6667in" height="32in"
     viewBox="0 0 4096 3072">
  <path id="pildrow-1"
        fill="none" stroke="black" stroke-width="1"
        d="M 2646.00,1878.00
           C 2646.00,1878.00 2647.96,1898.00 2647.96,1898.00
             2648.05,1900.23 2648.00,1902.86 2647.35,1905.00
             2645.81,1910.12 2634.77,1924.20 2631.00,1929.00
             2628.13,1932.66 2622.54,1940.70 2618.91,1942.91
             2615.66,1944.90 2608.93,1945.46 2605.00,1946.00
             2605.00,1946.00 2580.00,1949.28 2580.00,1949.28
             2580.00,1949.28 2506.00,1959.27 2506.00,1959.27
             2506.00,1959.27 2446.00,1967.28 2446.00,1967.28
             2446.00,1967.28 2417.00,1971.49 2417.00,1971.49
             2412.68,1971.45 2410.16,1968.53 2406.00,1968.39
             2406.00,1968.39 2394.00,1970.62 2394.00,1970.62
             2394.00,1970.62 2375.00,1968.54 2375.00,1968.54
             2364.19,1966.59 2357.89,1960.83 2353.00,1958.99
             2348.92,1957.46 2344.32,1958.41 2338.00,1956.05
             2338.00,1956.05 2319.00,1945.49 2319.00,1945.49
             2319.00,1945.49 2304.00,1938.69 2304.00,1938.69
             2304.00,1938.69 2289.00,1929.81 2289.00,1929.81
             2278.92,1924.77 2278.40,1926.77 2266.00,1918.66
             2225.78,1892.35 2193.51,1856.83 2164.35,1819.00
             2164.35,1819.00 2148.72,1799.00 2148.72,1799.00
             2148.72,1799.00 2134.77,1776.00 2134.77,1776.00
             2134.77,1776.00 2123.45,1759.00 2123.45,1759.00
             2123.45,1759.00 2117.69,1748.00 2117.69,1748.00
             2117.69,1748.00 2104.26,1723.00 2104.26,1723.00
             2104.26,1723.00 2095.69,1702.00 2095.69,1702.00
             2095.69,1702.00 2079.81,1670.00 2079.81,1670.00
             2079.81,1670.00 2073.44,1652.00 2073.44,1652.00
             2073.44,1652.00 2070.45,1640.00 2070.45,1640.00
             2070.45,1640.00 2063.67,1626.00 2063.67,1626.00
             2063.67,1626.00 2054.34,1600.00 2054.34,1600.00
             2049.39,1584.49 2050.54,1578.63 2048.78,1573.00
             2046.64,1566.16 2043.33,1564.20 2040.75,1555.00
             2040.75,1555.00 2032.66,1523.00 2032.66,1523.00
             2032.66,1523.00 2030.34,1510.00 2030.34,1510.00
             2030.34,1510.00 2026.45,1497.00 2026.45,1497.00
             2026.45,1497.00 2024.48,1481.00 2024.48,1481.00
             2024.48,1481.00 2021.15,1470.00 2021.15,1470.00
             2021.15,1470.00 2015.06,1442.00 2015.06,1442.00
             2015.06,1442.00 2015.06,1433.00 2015.06,1433.00
             2015.06,1433.00 2013.16,1422.00 2013.16,1422.00
             2013.16,1422.00 2010.00,1392.00 2010.00,1392.00
             2010.00,1392.00 2010.00,1381.00 2010.00,1381.00
             2010.00,1381.00 2006.11,1359.00 2006.11,1359.00
             2006.11,1359.00 2006.11,1344.00 2006.11,1344.00
             2006.11,1344.00 2004.04,1329.00 2004.04,1329.00
             2004.04,1329.00 2004.04,1314.00 2004.04,1314.00
             2004.04,1314.00 2003.00,1299.00 2003.00,1299.00
             2003.00,1299.00 2001.04,1276.00 2001.04,1276.00
             2001.04,1276.00 2001.04,1253.00 2001.04,1253.00
             2001.04,1253.00 1999.76,1230.00 1999.76,1230.00
             1999.76,1230.00 1999.76,1219.00 1999.76,1219.00
             1999.76,1219.00 2001.00,1201.00 2001.00,1201.00
             2001.00,1201.00 2000.09,1188.00 2000.09,1188.00
             2000.09,1188.00 2000.96,1181.00 2000.96,1181.00
             2000.96,1181.00 2000.96,1167.00 2000.96,1167.00
             2000.96,1167.00 2002.00,1154.00 2002.00,1154.00
             2002.00,1154.00 2003.29,1131.00 2003.29,1131.00
             2004.96,1118.16 2005.81,1124.69 2006.00,1108.00
             2006.00,1108.00 2007.43,1088.00 2007.43,1088.00
             2007.43,1088.00 2010.00,1074.00 2010.00,1074.00
             2010.00,1074.00 2010.00,1065.00 2010.00,1065.00
             2010.00,1065.00 2020.01,1008.00 2020.01,1008.00
             2020.01,1008.00 2024.35,992.00 2024.35,992.00
             2024.35,992.00 2031.15,962.00 2031.15,962.00
             2031.15,962.00 2040.00,932.00 2040.00,932.00
             2040.00,932.00 2045.65,917.00 2045.65,917.00
             2045.65,917.00 2054.05,891.00 2054.05,891.00
             2054.05,891.00 2066.58,861.00 2066.58,861.00
             2081.24,826.07 2097.76,792.13 2116.14,759.00
             2116.14,759.00 2133.05,730.00 2133.05,730.00
             2133.05,730.00 2141.31,718.00 2141.31,718.00
             2141.31,718.00 2154.51,697.00 2154.51,697.00
             2166.48,679.05 2180.25,662.74 2194.91,647.00
             2194.91,647.00 2202.04,639.04 2202.04,639.04
             2217.69,623.38 2236.23,610.88 2254.00,597.85
             2254.00,597.85 2276.00,580.91 2276.00,580.91
             2276.00,580.91 2308.00,561.31 2308.00,561.31
             2308.00,561.31 2325.00,553.74 2325.00,553.74
             2342.01,545.03 2344.46,542.31 2364.00,535.44
             2370.62,533.11 2372.63,534.76 2379.00,532.78
             2384.84,530.96 2389.22,527.29 2399.00,524.64
             2399.00,524.64 2409.00,522.30 2409.00,522.30
             2414.21,521.55 2416.13,522.52 2422.00,520.45
             2428.59,518.13 2434.70,513.46 2442.00,512.33
             2442.00,512.33 2458.00,513.00 2458.00,513.00
             2473.15,512.82 2490.27,504.43 2506.00,501.46
             2506.00,501.46 2531.00,499.21 2531.00,499.21
             2536.09,499.49 2538.65,501.26 2546.00,500.96
             2546.00,500.96 2565.00,496.96 2565.00,496.96
             2576.46,496.31 2574.23,501.26 2589.00,496.96
             2598.84,493.89 2601.68,486.24 2612.00,487.11
             2619.81,487.77 2623.97,494.11 2632.00,494.90
             2632.00,494.90 2667.00,492.09 2667.00,492.09
             2667.00,492.09 2689.00,492.09 2689.00,492.09
             2693.29,492.70 2697.86,495.01 2702.00,494.58
             2706.81,494.09 2711.34,490.21 2718.00,490.18
             2718.00,490.18 2731.00,491.91 2731.00,491.91
             2738.22,492.41 2740.90,491.28 2747.00,491.04
             2755.84,490.70 2757.53,493.32 2765.00,493.10
             2771.55,492.55 2770.74,491.76 2778.00,493.10
             2781.03,493.92 2785.23,495.64 2788.00,495.71
             2792.47,495.84 2795.21,493.04 2801.00,493.08
             2806.35,493.12 2808.54,495.58 2814.00,495.89
             2814.00,495.89 2838.00,494.04 2838.00,494.04
             2838.00,494.04 2861.00,496.53 2861.00,496.53
             2865.85,497.64 2867.26,499.66 2873.00,499.96
             2873.00,499.96 2886.00,499.19 2886.00,499.19
             2886.00,499.19 2900.00,502.54 2900.00,502.54
             2900.00,502.54 2910.00,503.38 2910.00,503.38
             2910.00,503.38 2919.00,505.94 2919.00,505.94
             2925.09,506.60 2927.89,502.40 2936.00,503.18
             2936.00,503.18 2948.00,505.86 2948.00,505.86
             2955.65,507.11 2956.55,506.92 2964.00,507.00
             2964.00,507.00 2998.00,511.00 2998.00,511.00
             3013.04,511.02 3016.93,515.08 3024.00,515.61
             3028.93,515.99 3038.59,513.15 3048.00,514.17
             3057.51,515.21 3058.46,519.62 3072.00,521.57
             3083.31,523.20 3089.34,519.73 3096.00,520.11
             3102.47,520.47 3107.03,524.04 3112.00,524.79
             3120.32,526.05 3128.71,524.10 3137.00,524.00
             3140.47,523.96 3143.67,523.82 3147.00,524.96
             3150.86,526.29 3155.91,529.59 3160.00,529.47
             3162.55,529.39 3175.37,524.25 3184.00,525.31
             3190.60,526.13 3196.65,530.89 3203.00,530.29
             3203.00,530.29 3212.00,529.04 3212.00,529.04
             3212.00,529.04 3233.00,530.00 3233.00,530.00
             3233.00,530.00 3251.00,529.00 3251.00,529.00
             3251.00,529.00 3265.00,530.37 3265.00,530.37
             3271.18,529.87 3278.16,525.26 3289.00,525.01
             3289.00,525.01 3308.00,526.62 3308.00,526.62
             3315.66,526.15 3321.56,521.79 3329.00,520.38
             3334.64,519.45 3336.51,520.83 3341.00,520.38
             3341.00,520.38 3358.00,515.61 3358.00,515.61
             3358.00,515.61 3378.00,512.96 3378.00,512.96
             3378.00,512.96 3394.00,506.72 3394.00,506.72
             3394.00,506.72 3405.00,504.08 3405.00,504.08
             3405.00,504.08 3415.00,500.75 3415.00,500.75
             3415.00,500.75 3424.00,498.45 3424.00,498.45
             3424.00,498.45 3442.00,490.44 3442.00,490.44
             3446.49,488.80 3475.27,483.23 3480.00,483.04
             3492.25,482.55 3501.48,490.24 3497.04,503.00
             3494.69,509.75 3489.21,517.92 3485.42,524.00
             3477.87,536.14 3477.23,540.39 3465.00,549.63
             3460.73,552.85 3452.37,559.42 3448.00,561.62
             3442.65,564.32 3437.89,564.73 3430.00,569.35
             3430.00,569.35 3418.00,577.66 3418.00,577.66
             3418.00,577.66 3402.00,584.81 3402.00,584.81
             3402.00,584.81 3377.00,597.69 3377.00,597.69
             3377.00,597.69 3361.00,603.38 3361.00,603.38
             3361.00,603.38 3335.00,621.14 3335.00,621.14
             3324.51,626.99 3321.53,625.92 3314.00,629.31
             3314.00,629.31 3298.00,637.69 3298.00,637.69
             3298.00,637.69 3283.00,643.27 3283.00,643.27
             3283.00,643.27 3270.00,650.19 3270.00,650.19
             3262.20,653.07 3261.34,650.67 3255.00,651.30
             3255.00,651.30 3229.00,654.39 3229.00,654.39
             3229.00,654.39 3217.00,652.38 3217.00,652.38
             3211.28,652.64 3203.80,659.75 3193.00,660.67
             3185.38,661.32 3181.05,656.51 3174.00,656.11
             3174.00,656.11 3149.00,660.33 3149.00,660.33
             3141.93,661.66 3140.19,659.74 3134.00,660.33
             3129.50,660.35 3124.33,662.05 3120.00,661.67
             3120.00,661.67 3108.00,660.01 3108.00,660.01
             3097.93,659.78 3089.14,660.28 3079.00,658.71
             3079.00,658.71 3059.00,653.57 3059.00,653.57
             3059.00,653.57 3050.00,653.57 3050.00,653.57
             3050.00,653.57 3037.00,652.04 3037.00,652.04
             3032.37,651.86 3030.96,652.54 3027.00,652.82
             3027.00,652.82 3015.00,652.00 3015.00,652.00
             3009.84,651.94 3001.72,652.45 2997.00,651.24
             2997.00,651.24 2981.00,644.93 2981.00,644.93
             2981.00,644.93 2968.00,643.33 2968.00,643.33
             2968.00,643.33 2945.00,637.46 2945.00,637.46
             2945.00,637.46 2933.00,636.49 2933.00,636.49
             2927.63,635.39 2922.56,633.23 2917.00,633.04
             2907.90,632.74 2904.09,635.85 2890.00,632.50
             2885.67,631.47 2878.89,628.73 2875.00,626.56
             2872.31,625.07 2866.67,621.29 2864.02,620.70
             2860.79,619.99 2858.50,621.58 2858.86,625.02
             2859.13,627.59 2861.89,631.39 2862.67,636.00
             2864.19,644.93 2857.15,653.12 2850.00,657.59
             2842.67,662.06 2837.40,662.02 2830.00,657.59
             2823.34,653.71 2821.08,648.11 2815.01,652.45
             2811.78,654.76 2806.38,662.47 2803.60,666.00
             2797.99,673.13 2797.16,676.06 2792.66,683.00
             2789.18,688.35 2784.14,695.13 2781.95,701.00
             2781.95,701.00 2778.26,717.00 2778.26,717.00
             2775.85,725.66 2772.12,730.73 2772.00,740.00
             2771.95,744.18 2772.29,751.20 2771.48,755.00
             2770.01,761.88 2766.45,765.83 2764.62,776.00
             2764.62,776.00 2761.00,815.00 2761.00,815.00
             2761.00,815.00 2759.74,837.00 2759.74,837.00
             2759.74,837.00 2759.00,862.00 2759.00,862.00
             2759.00,862.00 2758.00,878.00 2758.00,878.00
             2758.00,878.00 2758.00,899.00 2758.00,899.00
             2758.00,899.00 2757.05,911.00 2757.05,911.00
             2757.05,911.00 2757.05,926.00 2757.05,926.00
             2757.05,926.00 2758.00,939.00 2758.00,939.00
             2758.10,948.28 2756.98,951.48 2756.09,960.00
             2756.09,960.00 2756.09,974.00 2756.09,974.00
             2756.09,974.00 2757.00,989.00 2757.00,989.00
             2757.00,989.00 2757.00,1026.00 2757.00,1026.00
             2757.00,1026.00 2756.18,1038.00 2756.18,1038.00
             2756.18,1038.00 2757.00,1052.00 2757.00,1052.00
             2757.00,1052.00 2756.08,1063.00 2756.08,1063.00
             2756.08,1063.00 2756.99,1073.00 2756.99,1073.00
             2756.99,1073.00 2756.08,1086.00 2756.08,1086.00
             2756.08,1086.00 2758.00,1106.00 2758.00,1106.00
             2758.00,1106.00 2757.01,1122.00 2757.01,1122.00
             2757.01,1122.00 2758.00,1135.00 2758.00,1135.00
             2758.00,1135.00 2758.00,1149.00 2758.00,1149.00
             2758.00,1149.00 2760.04,1175.00 2760.04,1175.00
             2760.04,1175.00 2760.04,1188.00 2760.04,1188.00
             2760.04,1188.00 2761.00,1200.00 2761.00,1200.00
             2761.00,1200.00 2762.00,1259.00 2762.00,1259.00
             2762.00,1259.00 2763.91,1280.00 2763.91,1280.00
             2763.91,1280.00 2763.91,1294.00 2763.91,1294.00
             2763.91,1294.00 2762.04,1315.00 2762.04,1315.00
             2762.04,1315.00 2765.26,1343.00 2765.26,1343.00
             2765.26,1343.00 2768.00,1391.00 2768.00,1391.00
             2768.00,1391.00 2767.00,1407.00 2767.00,1407.00
             2767.00,1407.00 2769.00,1430.00 2769.00,1430.00
             2769.00,1430.00 2769.00,1451.00 2769.00,1451.00
             2769.00,1451.00 2768.09,1465.00 2768.09,1465.00
             2768.09,1465.00 2770.00,1483.00 2770.00,1483.00
             2770.00,1483.00 2771.00,1501.00 2771.00,1501.00
             2771.00,1501.00 2771.00,1518.00 2771.00,1518.00
             2771.00,1518.00 2771.96,1533.00 2771.96,1533.00
             2771.96,1533.00 2770.49,1544.00 2770.49,1544.00
             2770.77,1548.89 2772.98,1549.75 2773.00,1561.00
             2773.00,1561.00 2774.00,1611.00 2774.00,1611.00
             2774.02,1621.29 2775.75,1621.59 2775.96,1628.00
             2776.23,1636.32 2772.66,1639.67 2773.18,1647.00
             2774.01,1658.58 2777.98,1664.06 2777.82,1678.00
             2777.82,1678.00 2777.82,1682.00 2777.82,1682.00
             2777.82,1682.00 2777.82,1691.00 2777.82,1691.00
             2777.82,1691.00 2777.82,1698.00 2777.82,1698.00
             2777.82,1698.00 2776.33,1707.00 2776.33,1707.00
             2775.84,1712.77 2778.97,1717.65 2778.97,1725.00
             2778.97,1725.00 2777.33,1740.00 2777.33,1740.00
             2778.13,1749.33 2781.24,1756.90 2780.99,1768.00
             2780.99,1768.00 2779.18,1789.00 2779.18,1789.00
             2779.18,1789.00 2780.92,1809.00 2780.92,1809.00
             2780.92,1809.00 2780.92,1818.00 2780.92,1818.00
             2780.92,1818.00 2779.57,1828.00 2779.57,1828.00
             2779.57,1828.00 2781.00,1844.00 2781.00,1844.00
             2781.14,1856.14 2779.08,1857.41 2779.08,1863.00
             2779.08,1863.00 2780.98,1878.00 2780.98,1878.00
             2780.98,1878.00 2780.34,1888.00 2780.34,1888.00
             2780.34,1888.00 2781.00,1899.00 2781.00,1899.00
             2781.00,1899.00 2780.32,1915.00 2780.32,1915.00
             2780.32,1915.00 2780.96,1927.00 2780.96,1927.00
             2780.96,1927.00 2780.04,1938.00 2780.04,1938.00
             2780.04,1938.00 2781.00,1954.00 2781.00,1954.00
             2781.00,1954.00 2780.00,1974.00 2780.00,1974.00
             2780.00,1974.00 2781.00,1990.00 2781.00,1990.00
             2781.00,1990.00 2781.00,2009.00 2781.00,2009.00
             2781.00,2009.00 2780.00,2024.00 2780.00,2024.00
             2780.00,2024.00 2780.00,2041.00 2780.00,2041.00
             2780.00,2041.00 2780.96,2055.00 2780.96,2055.00
             2780.96,2055.00 2780.04,2067.00 2780.04,2067.00
             2780.04,2067.00 2781.00,2082.00 2781.00,2082.00
             2781.00,2082.00 2780.00,2097.00 2780.00,2097.00
             2780.00,2097.00 2780.00,2139.00 2780.00,2139.00
             2780.00,2139.00 2779.00,2162.00 2779.00,2162.00
             2778.98,2171.98 2777.47,2171.67 2777.27,2176.00
             2777.27,2176.00 2779.00,2190.00 2779.00,2190.00
             2779.00,2190.00 2778.00,2208.00 2778.00,2208.00
             2778.00,2208.00 2778.00,2257.00 2778.00,2257.00
             2778.00,2257.00 2776.09,2281.00 2776.09,2281.00
             2776.29,2284.47 2777.09,2286.20 2776.82,2290.00
             2776.82,2290.00 2775.21,2304.00 2775.21,2304.00
             2775.21,2304.00 2776.24,2321.00 2776.24,2321.00
             2776.24,2321.00 2776.24,2335.00 2776.24,2335.00
             2776.24,2335.00 2777.00,2351.00 2777.00,2351.00
             2777.00,2351.00 2777.00,2373.00 2777.00,2373.00
             2777.00,2373.00 2776.03,2385.00 2776.03,2385.00
             2776.03,2385.00 2777.00,2402.00 2777.00,2402.00
             2777.00,2402.00 2776.00,2414.00 2776.00,2414.00
             2776.00,2414.00 2776.00,2424.00 2776.00,2424.00
             2776.00,2424.00 2775.00,2438.00 2775.00,2438.00
             2775.00,2438.00 2773.00,2462.00 2773.00,2462.00
             2773.00,2462.00 2770.72,2492.00 2770.72,2492.00
             2770.72,2492.00 2768.29,2505.00 2768.29,2505.00
             2768.29,2505.00 2761.55,2557.00 2761.55,2557.00
             2761.55,2557.00 2756.89,2576.00 2756.89,2576.00
             2756.89,2576.00 2752.85,2594.00 2752.85,2594.00
             2752.85,2594.00 2739.93,2632.00 2739.93,2632.00
             2739.93,2632.00 2734.83,2643.00 2734.83,2643.00
             2734.83,2643.00 2725.83,2672.00 2725.83,2672.00
             2725.83,2672.00 2720.31,2682.00 2720.31,2682.00
             2720.31,2682.00 2710.90,2699.00 2710.90,2699.00
             2702.51,2711.76 2687.84,2728.16 2677.00,2739.00
             2662.94,2753.06 2647.12,2764.88 2631.00,2776.43
             2624.25,2781.27 2617.43,2787.21 2610.00,2791.02
             2602.69,2794.78 2592.91,2797.36 2585.00,2799.72
             2576.39,2802.29 2567.05,2805.89 2558.00,2806.00
             2553.86,2806.05 2548.95,2805.67 2545.00,2806.79
             2545.00,2806.79 2531.00,2812.24 2531.00,2812.24
             2531.00,2812.24 2517.00,2813.52 2517.00,2813.52
             2517.00,2813.52 2502.00,2818.71 2502.00,2818.71
             2494.08,2820.44 2492.63,2819.89 2485.00,2819.32
             2479.94,2818.95 2473.32,2821.30 2468.00,2822.00
             2468.00,2822.00 2457.00,2822.00 2457.00,2822.00
             2457.00,2822.00 2445.00,2824.82 2445.00,2824.82
             2445.00,2824.82 2419.00,2826.00 2419.00,2826.00
             2419.00,2826.00 2403.00,2826.00 2403.00,2826.00
             2399.44,2825.99 2396.42,2826.12 2393.00,2824.87
             2384.82,2821.86 2376.29,2812.06 2380.57,2803.00
             2381.67,2800.68 2383.26,2798.85 2385.04,2797.04
             2392.44,2789.55 2402.73,2786.23 2412.00,2781.74
             2412.00,2781.74 2438.00,2769.81 2438.00,2769.81
             2438.00,2769.81 2454.00,2764.91 2454.00,2764.91
             2454.00,2764.91 2483.00,2751.14 2483.00,2751.14
             2503.65,2739.62 2512.93,2731.52 2531.00,2717.00
             2540.47,2709.40 2550.78,2702.26 2558.70,2693.00
             2565.58,2684.96 2578.16,2663.81 2582.69,2654.00
             2582.69,2654.00 2587.31,2643.00 2587.31,2643.00
             2597.12,2621.52 2598.86,2616.42 2605.42,2594.00
             2605.42,2594.00 2609.58,2580.00 2609.58,2580.00
             2609.58,2580.00 2611.44,2568.00 2611.44,2568.00
             2613.44,2555.68 2614.83,2559.14 2615.00,2544.00
             2615.12,2534.12 2618.23,2524.64 2619.92,2515.00
             2619.92,2515.00 2621.61,2503.00 2621.61,2503.00
             2621.61,2503.00 2623.83,2492.00 2623.83,2492.00
             2623.83,2492.00 2624.44,2479.00 2624.44,2479.00
             2624.44,2479.00 2628.93,2459.00 2628.93,2459.00
             2628.93,2459.00 2628.93,2450.00 2628.93,2450.00
             2628.93,2450.00 2631.27,2434.00 2631.27,2434.00
             2631.27,2434.00 2635.15,2404.00 2635.15,2404.00
             2635.15,2404.00 2636.91,2393.00 2636.91,2393.00
             2637.26,2387.02 2635.75,2384.42 2637.51,2376.00
             2638.81,2369.83 2643.07,2356.05 2642.45,2350.00
             2641.99,2345.51 2641.08,2345.16 2641.00,2339.00
             2641.00,2339.00 2641.91,2323.00 2641.91,2323.00
             2641.91,2323.00 2641.32,2312.00 2641.32,2312.00
             2641.32,2312.00 2643.13,2300.00 2643.13,2300.00
             2643.13,2300.00 2643.13,2291.00 2643.13,2291.00
             2643.13,2291.00 2643.96,2282.00 2643.96,2282.00
             2643.96,2282.00 2643.32,2271.00 2643.32,2271.00
             2643.67,2266.44 2645.14,2261.55 2644.82,2257.00
             2644.57,2253.51 2643.86,2251.98 2644.09,2248.00
             2644.09,2248.00 2646.40,2231.00 2646.40,2231.00
             2646.40,2231.00 2646.40,2221.00 2646.40,2221.00
             2646.40,2221.00 2647.74,2212.00 2647.74,2212.00
             2647.74,2212.00 2646.04,2201.00 2646.04,2201.00
             2646.04,2201.00 2647.08,2182.00 2647.08,2182.00
             2647.08,2182.00 2647.08,2168.00 2647.08,2168.00
             2647.08,2168.00 2648.96,2155.00 2648.96,2155.00
             2649.51,2140.82 2640.37,2138.19 2640.37,2129.00
             2640.37,2123.35 2644.68,2118.54 2647.44,2114.00
             2649.66,2110.36 2651.13,2105.26 2651.39,2101.00
             2651.39,2101.00 2650.02,2082.00 2650.02,2082.00
             2650.02,2082.00 2651.24,2061.00 2651.24,2061.00
             2651.24,2061.00 2651.24,2050.00 2651.24,2050.00
             2651.24,2050.00 2653.39,2031.00 2653.39,2031.00
             2653.39,2031.00 2652.40,2019.02 2652.40,2019.02
             2654.00,2010.52 2665.29,2014.81 2669.71,2011.26
             2673.26,2008.41 2672.05,1998.42 2672.00,1994.00
             2672.00,1994.00 2671.00,1980.00 2671.00,1980.00
             2671.00,1980.00 2669.00,1943.00 2669.00,1943.00
             2669.00,1943.00 2668.00,1929.00 2668.00,1929.00
             2668.00,1929.00 2667.00,1909.00 2667.00,1909.00
             2667.00,1909.00 2667.00,1800.00 2667.00,1800.00
             2667.00,1800.00 2661.41,1760.00 2661.41,1760.00
             2657.85,1738.74 2654.56,1717.49 2653.09,1696.00
             2653.09,1696.00 2623.91,1292.00 2623.91,1292.00
             2623.91,1292.00 2614.09,1162.00 2614.09,1162.00
             2613.35,1151.19 2616.16,1144.70 2615.78,1140.00
             2615.39,1135.16 2612.72,1132.91 2611.43,1124.00
             2611.43,1124.00 2609.91,1101.00 2609.91,1101.00
             2609.91,1101.00 2608.01,1075.00 2608.01,1075.00
             2608.01,1075.00 2609.96,1049.00 2609.96,1049.00
             2609.96,1049.00 2609.21,1038.00 2609.21,1038.00
             2609.21,1038.00 2610.83,1023.00 2610.83,1023.00
             2610.83,1023.00 2615.17,977.00 2615.17,977.00
             2615.17,977.00 2617.91,953.00 2617.91,953.00
             2618.14,949.58 2618.17,946.17 2616.73,943.00
             2615.03,939.27 2611.44,935.37 2611.82,931.00
             2611.85,930.61 2614.91,921.44 2615.72,915.00
             2615.72,915.00 2617.00,897.00 2617.00,897.00
             2617.00,897.00 2619.00,874.00 2619.00,874.00
             2619.00,874.00 2621.00,847.00 2621.00,847.00
             2621.00,847.00 2624.49,821.00 2624.49,821.00
             2624.49,821.00 2628.24,810.00 2628.24,810.00
             2628.24,810.00 2630.04,795.00 2630.04,795.00
             2630.04,795.00 2641.32,767.00 2641.32,767.00
             2641.32,767.00 2652.64,748.00 2652.64,748.00
             2652.64,748.00 2656.67,734.00 2656.67,734.00
             2656.67,734.00 2663.39,718.00 2663.39,718.00
             2663.39,718.00 2667.90,705.00 2667.90,705.00
             2673.44,692.84 2683.49,683.19 2690.44,672.00
             2694.06,666.18 2692.49,664.07 2697.70,656.00
             2701.83,649.60 2713.78,639.34 2719.83,633.57
             2724.28,629.34 2726.33,625.71 2732.00,622.35
             2738.76,618.34 2742.51,619.15 2745.96,617.07
             2749.41,614.98 2754.65,607.18 2752.87,603.04
             2750.28,596.98 2742.32,597.29 2737.00,596.91
             2737.00,596.91 2697.00,589.91 2697.00,589.91
             2697.00,589.91 2683.00,584.53 2683.00,584.53
             2683.00,584.53 2657.00,581.54 2657.00,581.54
             2657.00,581.54 2646.00,579.08 2646.00,579.08
             2646.00,579.08 2613.00,573.91 2613.00,573.91
             2613.00,573.91 2605.00,572.22 2605.00,572.22
             2605.00,572.22 2589.00,573.82 2589.00,573.82
             2589.00,573.82 2570.00,573.00 2570.00,573.00
             2570.00,573.00 2555.00,571.76 2555.00,571.76
             2551.36,571.97 2548.77,572.96 2545.00,572.68
             2545.00,572.68 2529.00,571.00 2529.00,571.00
             2529.00,571.00 2508.00,570.41 2508.00,570.41
             2502.63,570.94 2503.06,572.95 2493.00,573.00
             2493.00,573.00 2489.00,573.00 2489.00,573.00
             2481.99,573.09 2462.45,579.36 2456.00,582.40
             2456.00,582.40 2442.00,590.94 2442.00,590.94
             2442.00,590.94 2431.00,597.52 2431.00,597.52
             2431.00,597.52 2413.00,610.33 2413.00,610.33
             2413.00,610.33 2399.00,619.00 2399.00,619.00
             2399.00,619.00 2375.00,635.66 2375.00,635.66
             2368.07,640.37 2359.21,645.85 2353.01,651.30
             2353.01,651.30 2341.00,663.91 2341.00,663.91
             2336.16,668.44 2331.72,671.73 2327.32,677.00
             2327.32,677.00 2316.25,693.00 2316.25,693.00
             2316.25,693.00 2309.21,702.00 2309.21,702.00
             2309.21,702.00 2299.95,717.00 2299.95,717.00
             2299.95,717.00 2278.69,751.00 2278.69,751.00
             2278.69,751.00 2264.87,771.00 2264.87,771.00
             2264.87,771.00 2259.63,782.00 2259.63,782.00
             2259.63,782.00 2247.74,805.00 2247.74,805.00
             2247.74,805.00 2228.31,843.00 2228.31,843.00
             2228.31,843.00 2219.55,865.00 2219.55,865.00
             2219.55,865.00 2214.45,876.00 2214.45,876.00
             2214.45,876.00 2210.07,890.00 2210.07,890.00
             2206.43,899.24 2201.37,901.63 2198.76,909.00
             2198.76,909.00 2190.58,945.00 2190.58,945.00
             2190.58,945.00 2187.79,957.00 2187.79,957.00
             2187.79,957.00 2183.65,970.00 2183.65,970.00
             2183.65,970.00 2179.54,995.00 2179.54,995.00
             2179.54,995.00 2176.42,1008.00 2176.42,1008.00
             2176.42,1008.00 2171.85,1029.00 2171.85,1029.00
             2171.85,1029.00 2167.43,1043.00 2167.43,1043.00
             2167.43,1043.00 2165.17,1054.00 2165.17,1054.00
             2165.17,1054.00 2164.54,1063.00 2164.54,1063.00
             2162.72,1073.36 2160.02,1078.80 2160.00,1090.00
             2160.00,1090.00 2160.00,1128.00 2160.00,1128.00
             2159.98,1141.21 2156.30,1140.79 2156.20,1147.00
             2156.20,1147.00 2158.66,1159.00 2158.66,1159.00
             2159.15,1163.94 2156.65,1168.74 2156.65,1173.00
             2156.64,1179.11 2159.98,1177.05 2159.87,1189.00
             2159.87,1189.00 2159.87,1204.00 2159.87,1204.00
             2159.20,1207.30 2157.71,1209.68 2157.17,1215.00
             2157.17,1215.00 2156.04,1234.00 2156.04,1234.00
             2156.04,1234.00 2157.00,1245.00 2157.00,1245.00
             2157.00,1245.00 2156.46,1257.00 2156.46,1257.00
             2156.46,1257.00 2158.83,1271.00 2158.83,1271.00
             2159.21,1275.36 2158.31,1277.13 2158.09,1281.00
             2158.09,1281.00 2160.00,1298.00 2160.00,1298.00
             2160.00,1298.00 2160.00,1325.00 2160.00,1325.00
             2160.07,1337.77 2165.27,1336.44 2167.54,1349.00
             2167.54,1349.00 2168.09,1360.00 2168.09,1360.00
             2168.09,1360.00 2170.07,1372.00 2170.07,1372.00
             2170.07,1372.00 2170.07,1382.00 2170.07,1382.00
             2170.07,1382.00 2174.68,1397.00 2174.68,1397.00
             2174.68,1397.00 2175.32,1410.00 2175.32,1410.00
             2176.19,1415.20 2178.49,1418.05 2179.71,1428.00
             2179.71,1428.00 2180.52,1440.00 2180.52,1440.00
             2180.52,1440.00 2187.84,1463.00 2187.84,1463.00
             2189.90,1470.86 2188.23,1473.51 2189.79,1479.00
             2189.79,1479.00 2195.64,1493.00 2195.64,1493.00
             2195.64,1493.00 2201.22,1515.00 2201.22,1515.00
             2201.22,1515.00 2208.66,1533.00 2208.66,1533.00
             2216.70,1556.16 2224.79,1579.62 2234.86,1602.00
             2234.86,1602.00 2243.51,1618.00 2243.51,1618.00
             2243.51,1618.00 2248.37,1630.00 2248.37,1630.00
             2248.37,1630.00 2260.96,1652.00 2260.96,1652.00
             2260.96,1652.00 2268.07,1667.00 2268.07,1667.00
             2268.07,1667.00 2282.50,1685.00 2282.50,1685.00
             2282.50,1685.00 2291.68,1699.00 2291.68,1699.00
             2291.68,1699.00 2298.71,1707.00 2298.71,1707.00
             2298.71,1707.00 2311.17,1722.00 2311.17,1722.00
             2311.17,1722.00 2320.91,1732.00 2320.91,1732.00
             2320.91,1732.00 2333.09,1746.00 2333.09,1746.00
             2333.09,1746.00 2344.83,1757.17 2344.83,1757.17
             2344.83,1757.17 2363.00,1774.56 2363.00,1774.56
             2387.34,1795.02 2418.59,1812.95 2447.00,1827.25
             2447.00,1827.25 2458.00,1833.10 2458.00,1833.10
             2458.00,1833.10 2471.00,1837.86 2471.00,1837.86
             2471.00,1837.86 2487.00,1845.69 2487.00,1845.69
             2487.00,1845.69 2513.00,1854.70 2513.00,1854.70
             2513.00,1854.70 2533.00,1857.61 2533.00,1857.61
             2533.00,1857.61 2555.00,1862.71 2555.00,1862.71
             2555.00,1862.71 2572.00,1864.44 2572.00,1864.44
             2572.00,1864.44 2586.00,1867.70 2586.00,1867.70
             2586.00,1867.70 2598.00,1868.67 2598.00,1868.67
             2598.00,1868.67 2611.00,1872.52 2611.00,1872.52
             2618.09,1874.34 2639.01,1877.94 2646.00,1878.00 Z
           M 2634.00,1782.00
           C 2635.68,1785.29 2636.30,1787.46 2635.00,1791.00
             2635.00,1791.00 2634.00,1782.00 2634.00,1782.00 Z
           M 2638.00,1814.00
           C 2638.00,1814.00 2641.00,1836.00 2641.00,1836.00
             2634.42,1830.09 2635.13,1821.66 2638.00,1814.00 Z" />
</svg>
