<?xml version="1.0" encoding="UTF-8" standalone="no"?>
<!DOCTYPE svg PUBLIC "-//W3C//DTD SVG 20010904//EN"
              "http://www.w3.org/TR/2001/REC-SVG-20010904/DTD/svg10.dtd">

<svg xmlns="http://www.w3.org/2000/svg"
     width="32in" height="42.6667in"
     viewBox="0 0 3072 4096">
  <path id="rgs"
        fill="none" stroke="black" stroke-width="1"
        d="M 1742.00,2955.00
           C 1741.09,2963.77 1732.44,2978.61 1728.25,2987.00
             1728.25,2987.00 1695.78,3051.00 1695.78,3051.00
             1695.78,3051.00 1666.75,3109.00 1666.75,3109.00
             1666.75,3109.00 1637.25,3167.00 1637.25,3167.00
             1637.25,3167.00 1619.25,3202.00 1619.25,3202.00
             1619.25,3202.00 1607.21,3225.00 1607.21,3225.00
             1607.21,3225.00 1572.17,3263.00 1572.17,3263.00
             1572.17,3263.00 1523.01,3316.00 1523.01,3316.00
             1518.61,3320.52 1508.84,3333.43 1503.00,3334.40
             1500.19,3334.86 1494.73,3332.94 1492.00,3331.95
             1492.00,3331.95 1472.00,3324.69 1472.00,3324.69
             1472.00,3324.69 1396.00,3297.42 1396.00,3297.42
             1396.00,3297.42 1327.00,3272.69 1327.00,3272.69
             1320.43,3270.35 1296.27,3262.34 1292.00,3259.35
             1287.71,3256.35 1280.33,3247.34 1276.58,3243.00
             1276.58,3243.00 1252.84,3216.00 1252.84,3216.00
             1252.84,3216.00 1162.85,3114.00 1162.85,3114.00
             1162.85,3114.00 1110.85,3055.00 1110.85,3055.00
             1105.63,3049.07 1086.60,3028.32 1084.05,3023.00
             1084.05,3023.00 1078.12,3002.00 1078.12,3002.00
             1078.12,3002.00 1069.13,2968.00 1069.13,2968.00
             1069.13,2968.00 1043.12,2869.00 1043.12,2869.00
             1043.12,2869.00 1030.13,2820.00 1030.13,2820.00
             1028.01,2811.56 1024.66,2802.69 1025.04,2794.00
             1025.28,2788.52 1029.57,2773.22 1031.13,2767.00
             1031.13,2767.00 1043.63,2717.00 1043.63,2717.00
             1043.63,2717.00 1062.13,2643.00 1062.13,2643.00
             1062.13,2643.00 1072.34,2604.00 1072.34,2604.00
             1072.34,2604.00 1095.58,2566.00 1095.58,2566.00
             1095.58,2566.00 1142.58,2491.00 1142.58,2491.00
             1142.58,2491.00 1178.95,2433.00 1178.95,2433.00
             1178.95,2433.00 1199.38,2401.00 1199.38,2401.00
             1203.64,2395.67 1209.03,2391.52 1214.00,2386.91
             1214.00,2386.91 1246.00,2357.83 1246.00,2357.83
             1246.00,2357.83 1275.00,2331.28 1275.00,2331.28
             1278.85,2327.89 1284.24,2322.29 1289.00,2320.90
             1293.17,2319.50 1303.63,2320.94 1309.00,2320.90
             1309.00,2320.90 1323.00,2322.00 1323.00,2322.00
             1323.00,2322.00 1362.00,2324.00 1362.00,2324.00
             1362.00,2324.00 1376.00,2325.00 1376.00,2325.00
             1376.00,2325.00 1413.00,2327.00 1413.00,2327.00
             1413.00,2327.00 1435.00,2328.00 1435.00,2328.00
             1435.00,2328.00 1450.00,2327.00 1450.00,2327.00
             1450.00,2327.00 1464.00,2327.00 1464.00,2327.00
             1464.00,2327.00 1479.00,2326.00 1479.00,2326.00
             1479.00,2326.00 1494.00,2326.00 1494.00,2326.00
             1494.00,2326.00 1510.00,2324.96 1510.00,2324.96
             1510.00,2324.96 1526.00,2324.96 1526.00,2324.96
             1526.00,2324.96 1538.00,2324.00 1538.00,2324.00
             1538.00,2324.00 1584.00,2323.00 1584.00,2323.00
             1584.00,2323.00 1597.00,2322.00 1597.00,2322.00
             1597.00,2322.00 1612.00,2322.00 1612.00,2322.00
             1612.00,2322.00 1628.00,2321.00 1628.00,2321.00
             1628.00,2321.00 1643.00,2321.00 1643.00,2321.00
             1643.00,2321.00 1654.00,2319.86 1654.00,2319.86
             1654.00,2319.86 1663.00,2319.86 1663.00,2319.86
             1663.00,2319.86 1700.00,2307.33 1700.00,2307.33
             1700.00,2307.33 1759.00,2287.00 1759.00,2287.00
             1763.31,2285.56 1775.86,2279.67 1778.98,2284.31
             1780.21,2286.15 1780.00,2289.82 1780.00,2292.00
             1780.00,2292.00 1780.00,2325.00 1780.00,2325.00
             1780.11,2333.55 1783.35,2339.31 1786.58,2347.00
             1786.58,2347.00 1800.00,2379.00 1800.00,2379.00
             1800.00,2379.00 1842.42,2480.00 1842.42,2480.00
             1842.42,2480.00 1855.42,2511.00 1855.42,2511.00
             1857.20,2515.17 1862.04,2526.09 1862.67,2530.00
             1863.76,2536.80 1856.71,2551.23 1854.00,2558.00
             1854.00,2558.00 1829.20,2621.00 1829.20,2621.00
             1829.20,2621.00 1795.42,2707.00 1795.42,2707.00
             1795.42,2707.00 1775.65,2756.00 1775.65,2756.00
             1775.65,2756.00 1744.28,2793.00 1744.28,2793.00
             1744.28,2793.00 1683.58,2863.00 1683.58,2863.00
             1683.58,2863.00 1593.15,2967.00 1593.15,2967.00
             1593.15,2967.00 1572.28,2990.98 1572.28,2990.98
             1569.62,2993.95 1566.48,2998.08 1562.09,2995.36
             1559.15,2993.53 1555.50,2987.08 1553.58,2984.00
             1553.58,2984.00 1537.32,2958.00 1537.32,2958.00
             1537.32,2958.00 1479.58,2866.00 1479.58,2866.00
             1479.58,2866.00 1462.58,2839.00 1462.58,2839.00
             1459.41,2833.90 1456.25,2830.01 1459.70,2824.00
             1459.70,2824.00 1489.85,2789.00 1489.85,2789.00
             1489.85,2789.00 1545.15,2726.00 1545.15,2726.00
             1545.15,2726.00 1563.57,2705.00 1563.57,2705.00
             1567.97,2699.83 1571.49,2697.29 1566.86,2691.00
             1566.86,2691.00 1525.28,2644.00 1525.28,2644.00
             1521.97,2640.22 1512.06,2627.91 1508.00,2626.64
             1504.90,2625.67 1501.71,2627.44 1499.00,2628.76
             1499.00,2628.76 1482.00,2637.25 1482.00,2637.25
             1482.00,2637.25 1457.00,2649.75 1457.00,2649.75
             1453.39,2651.56 1448.04,2653.75 1445.74,2657.10
             1443.92,2659.75 1443.68,2665.64 1443.14,2669.00
             1443.14,2669.00 1443.14,2681.00 1443.14,2681.00
             1443.14,2681.00 1442.04,2692.00 1442.04,2692.00
             1442.04,2692.00 1442.04,2703.00 1442.04,2703.00
             1442.04,2703.00 1441.04,2713.00 1441.04,2713.00
             1441.04,2713.00 1441.04,2724.00 1441.04,2724.00
             1440.76,2743.85 1433.55,2768.33 1428.88,2788.00
             1428.88,2788.00 1407.87,2878.00 1407.87,2878.00
             1407.87,2878.00 1399.37,2914.00 1399.37,2914.00
             1397.94,2919.79 1397.73,2925.31 1392.89,2929.47
             1392.89,2929.47 1370.00,2942.31 1370.00,2942.31
             1370.00,2942.31 1324.00,2967.26 1324.00,2967.26
             1318.81,2969.94 1305.40,2978.66 1300.00,2977.64
             1296.15,2976.92 1289.85,2970.77 1287.00,2967.99
             1287.00,2967.99 1263.00,2944.00 1263.00,2944.00
             1263.00,2944.00 1237.29,2918.00 1237.29,2918.00
             1234.91,2915.28 1230.52,2910.93 1231.66,2907.01
             1232.88,2902.78 1246.86,2893.73 1251.00,2890.63
             1251.00,2890.63 1299.00,2855.13 1299.00,2855.13
             1302.98,2852.14 1314.55,2842.52 1319.00,2842.37
             1322.69,2842.24 1326.46,2845.74 1329.00,2848.09
             1329.00,2848.09 1346.00,2865.00 1346.00,2865.00
             1348.10,2867.09 1352.89,2873.16 1355.91,2869.63
             1357.87,2867.35 1359.13,2856.52 1359.80,2853.00
             1359.80,2853.00 1367.08,2811.00 1367.08,2811.00
             1367.08,2811.00 1375.75,2760.00 1375.75,2760.00
             1376.60,2754.93 1379.64,2741.18 1378.57,2737.00
             1377.24,2731.80 1364.05,2717.02 1360.00,2712.00
             1360.00,2712.00 1313.58,2655.00 1313.58,2655.00
             1313.58,2655.00 1299.75,2638.00 1299.75,2638.00
             1297.36,2635.11 1294.52,2631.24 1291.07,2629.68
             1288.26,2628.40 1284.10,2628.96 1281.00,2629.00
             1281.00,2629.00 1254.00,2631.00 1254.00,2631.00
             1251.08,2631.03 1243.69,2631.94 1245.00,2626.94
             1245.62,2624.56 1249.43,2620.01 1251.08,2618.00
             1251.08,2618.00 1263.39,2603.00 1263.39,2603.00
             1263.39,2603.00 1309.39,2547.00 1309.39,2547.00
             1309.39,2547.00 1322.58,2531.00 1322.58,2531.00
             1324.82,2528.26 1327.70,2524.03 1331.04,2522.74
             1336.69,2520.56 1347.60,2528.01 1353.00,2530.76
             1353.00,2530.76 1381.00,2545.74 1381.00,2545.74
             1385.97,2548.31 1395.83,2552.93 1399.67,2556.53
             1402.64,2559.30 1405.75,2565.34 1407.85,2569.00
             1407.85,2569.00 1422.00,2593.00 1422.00,2593.00
             1423.70,2595.76 1426.23,2600.36 1430.00,2600.18
             1432.68,2600.04 1436.92,2596.28 1439.00,2594.58
             1439.00,2594.58 1459.00,2578.08 1459.00,2578.08
             1459.00,2578.08 1512.00,2534.58 1512.00,2534.58
             1516.55,2530.85 1534.05,2515.87 1538.00,2514.31
             1542.32,2512.61 1547.09,2514.95 1551.00,2516.78
             1551.00,2516.78 1577.00,2529.22 1577.00,2529.22
             1582.99,2532.05 1603.97,2541.08 1607.67,2544.53
             1610.70,2547.35 1618.59,2561.53 1621.15,2566.00
             1621.15,2566.00 1645.01,2607.00 1645.01,2607.00
             1648.47,2612.88 1662.00,2635.20 1663.37,2640.00
             1663.97,2642.11 1663.97,2643.84 1664.00,2646.00
             1664.05,2650.23 1664.40,2663.74 1663.30,2667.00
             1661.80,2671.43 1657.25,2675.74 1654.00,2679.00
             1654.00,2679.00 1637.17,2696.00 1637.17,2696.00
             1637.17,2696.00 1570.83,2765.00 1570.83,2765.00
             1570.83,2765.00 1551.00,2785.00 1551.00,2785.00
             1548.74,2787.30 1544.07,2791.85 1543.36,2795.00
             1542.23,2800.02 1551.64,2807.47 1554.83,2811.00
             1554.83,2811.00 1592.09,2851.00 1592.09,2851.00
             1595.85,2855.04 1601.86,2863.14 1608.00,2860.91
             1608.00,2860.91 1631.00,2847.05 1631.00,2847.05
             1631.00,2847.05 1655.00,2831.68 1655.00,2831.68
             1655.00,2831.68 1699.00,2788.00 1699.00,2788.00
             1699.00,2788.00 1720.00,2767.00 1720.00,2767.00
             1723.21,2763.79 1729.84,2757.62 1731.91,2754.00
             1733.64,2750.98 1736.96,2738.17 1738.14,2734.00
             1738.14,2734.00 1748.71,2697.00 1748.71,2697.00
             1748.71,2697.00 1758.71,2662.00 1758.71,2662.00
             1760.39,2656.17 1763.39,2647.91 1762.82,2642.00
             1762.82,2642.00 1750.42,2597.00 1750.42,2597.00
             1750.42,2597.00 1739.10,2560.00 1739.10,2560.00
             1739.10,2560.00 1720.63,2534.00 1720.63,2534.00
             1720.63,2534.00 1693.63,2497.00 1693.63,2497.00
             1693.63,2497.00 1648.37,2435.00 1648.37,2435.00
             1644.42,2429.66 1635.58,2415.75 1630.00,2413.20
             1627.38,2412.30 1622.96,2412.97 1620.00,2413.20
             1620.00,2413.20 1590.00,2414.91 1590.00,2414.91
             1590.00,2414.91 1565.00,2416.09 1565.00,2416.09
             1565.00,2416.09 1554.00,2417.00 1554.00,2417.00
             1554.00,2417.00 1526.00,2418.91 1526.00,2418.91
             1526.00,2418.91 1501.00,2420.09 1501.00,2420.09
             1501.00,2420.09 1398.00,2426.91 1398.00,2426.91
             1398.00,2426.91 1373.00,2428.09 1373.00,2428.09
             1373.00,2428.09 1334.00,2431.00 1334.00,2431.00
             1334.00,2431.00 1325.00,2431.00 1325.00,2431.00
             1325.00,2431.00 1299.00,2433.00 1299.00,2433.00
             1299.00,2433.00 1269.00,2434.96 1269.00,2434.96
             1263.96,2435.18 1254.45,2434.90 1250.00,2437.17
             1244.95,2439.76 1239.59,2449.11 1236.33,2454.00
             1236.33,2454.00 1209.67,2494.00 1209.67,2494.00
             1209.67,2494.00 1172.33,2550.00 1172.33,2550.00
             1172.33,2550.00 1152.32,2581.00 1152.32,2581.00
             1152.32,2581.00 1142.98,2610.00 1142.98,2610.00
             1142.98,2610.00 1124.66,2669.00 1124.66,2669.00
             1124.66,2669.00 1107.98,2723.00 1107.98,2723.00
             1106.42,2728.01 1101.00,2743.74 1101.30,2748.00
             1101.60,2752.22 1107.99,2765.34 1110.00,2770.00
             1110.00,2770.00 1133.14,2822.00 1133.14,2822.00
             1133.14,2822.00 1164.70,2893.00 1164.70,2893.00
             1164.70,2893.00 1180.60,2927.00 1180.60,2927.00
             1185.90,2934.88 1207.96,2955.96 1216.00,2964.00
             1216.00,2964.00 1243.00,2992.00 1243.00,2992.00
             1243.00,2992.00 1283.91,3033.00 1283.91,3033.00
             1283.91,3033.00 1333.00,3083.00 1333.00,3083.00
             1333.00,3083.00 1355.00,3106.00 1355.00,3106.00
             1355.00,3106.00 1377.00,3128.00 1377.00,3128.00
             1380.45,3131.45 1386.13,3137.54 1390.00,3140.03
             1393.59,3142.34 1400.72,3144.69 1405.00,3146.40
             1405.00,3146.40 1432.00,3157.20 1432.00,3157.20
             1432.00,3157.20 1523.00,3193.19 1523.00,3193.19
             1523.00,3193.19 1547.00,3202.60 1547.00,3202.60
             1549.90,3203.76 1554.93,3206.11 1558.00,3205.59
             1563.25,3204.71 1569.33,3194.33 1572.42,3190.00
             1572.42,3190.00 1606.42,3142.00 1606.42,3142.00
             1606.42,3142.00 1698.14,3013.00 1698.14,3013.00
             1698.14,3013.00 1725.15,2975.00 1725.15,2975.00
             1730.16,2968.13 1735.11,2960.04 1742.00,2955.00 Z" />
</svg>
