<?xml version="1.0" encoding="UTF-8" standalone="no"?>
<!DOCTYPE svg PUBLIC "-//W3C//DTD SVG 20010904//EN"
              "http://www.w3.org/TR/2001/REC-SVG-20010904/DTD/svg10.dtd">

<svg xmlns="http://www.w3.org/2000/svg"
     width="13.6533in" height="10.24in"
     viewBox="0 0 4096 3072">
  <path id="section-1"
        fill="none" stroke="black" stroke-width="1"
        d="M 2813.00,781.42
           C 2821.31,780.41 2843.03,781.31 2851.00,783.24
             2851.00,783.24 2862.00,786.84 2862.00,786.84
             2862.00,786.84 2873.00,789.55 2873.00,789.55
             2873.00,789.55 2886.00,796.12 2886.00,796.12
             2886.00,796.12 2896.00,799.55 2896.00,799.55
             2896.00,799.55 2908.00,806.90 2908.00,806.90
             2908.00,806.90 2936.00,815.91 2936.00,815.91
             2940.25,817.88 2943.40,820.86 2947.00,823.72
             2949.58,825.76 2952.47,827.56 2954.61,830.09
             2957.63,833.68 2959.60,840.44 2960.85,845.00
             2960.85,845.00 2967.88,876.00 2967.88,876.00
             2967.88,876.00 2986.37,956.00 2986.37,956.00
             2986.37,956.00 2992.42,984.00 2992.42,984.00
             2993.60,989.34 2996.07,1001.92 2995.68,1007.00
             2995.68,1007.00 2991.28,1034.00 2991.28,1034.00
             2988.81,1053.88 2986.92,1072.34 2976.40,1090.00
             2971.11,1098.87 2962.80,1111.31 2951.00,1110.21
             2938.10,1109.01 2927.09,1087.16 2923.72,1076.00
             2916.44,1051.87 2916.94,1028.72 2907.94,1005.00
             2901.80,988.83 2893.38,986.40 2888.85,979.96
             2885.83,975.68 2882.91,964.99 2877.07,957.00
             2870.77,948.37 2856.10,938.07 2847.00,932.00
             2847.00,932.00 2835.00,924.31 2835.00,924.31
             2835.00,924.31 2798.00,908.60 2798.00,908.60
             2782.51,902.40 2754.22,891.21 2738.00,890.37
             2738.00,890.37 2728.00,891.00 2728.00,891.00
             2706.45,891.24 2691.91,879.81 2675.00,880.00
             2665.60,880.11 2656.70,883.76 2648.00,886.95
             2634.36,891.94 2618.60,897.31 2608.44,908.17
             2598.99,918.26 2591.97,939.30 2590.06,953.00
             2590.06,953.00 2590.06,961.00 2590.06,961.00
             2590.06,961.00 2588.04,973.00 2588.04,973.00
             2588.04,973.00 2588.04,992.00 2588.04,992.00
             2588.04,992.00 2586.00,1020.00 2586.00,1020.00
             2586.00,1020.00 2587.00,1039.00 2587.00,1039.00
             2587.12,1048.54 2591.38,1069.37 2595.31,1078.00
             2595.31,1078.00 2604.01,1093.00 2604.01,1093.00
             2606.01,1098.26 2603.77,1100.89 2606.75,1110.00
             2609.34,1117.91 2619.17,1134.89 2624.03,1142.00
             2649.96,1179.94 2684.94,1199.96 2722.00,1224.67
             2722.00,1224.67 2752.00,1245.43 2752.00,1245.43
             2752.00,1245.43 2765.00,1254.92 2765.00,1254.92
             2765.00,1254.92 2783.00,1265.20 2783.00,1265.20
             2783.00,1265.20 2799.00,1276.00 2799.00,1276.00
             2799.00,1276.00 2817.00,1287.88 2817.00,1287.88
             2817.00,1287.88 2838.00,1304.74 2838.00,1304.74
             2838.00,1304.74 2851.00,1315.17 2851.00,1315.17
             2851.00,1315.17 2864.00,1327.71 2864.00,1327.71
             2889.46,1350.04 2904.12,1363.37 2923.00,1392.00
             2926.47,1397.26 2934.85,1409.87 2936.98,1415.00
             2936.98,1415.00 2950.88,1471.00 2950.88,1471.00
             2950.88,1471.00 2961.21,1517.00 2961.21,1517.00
             2963.50,1527.62 2965.99,1534.68 2966.41,1546.00
             2966.66,1552.74 2964.80,1557.16 2964.17,1563.00
             2963.60,1568.39 2964.67,1574.87 2963.21,1580.00
             2963.21,1580.00 2954.93,1599.00 2954.93,1599.00
             2954.93,1599.00 2948.07,1631.00 2948.07,1631.00
             2945.21,1638.15 2939.37,1643.71 2935.02,1650.00
             2935.02,1650.00 2922.66,1669.00 2922.66,1669.00
             2922.66,1669.00 2908.45,1690.00 2908.45,1690.00
             2908.45,1690.00 2886.10,1737.00 2886.10,1737.00
             2886.10,1737.00 2872.27,1752.00 2872.27,1752.00
             2872.27,1752.00 2852.51,1779.00 2852.51,1779.00
             2837.59,1801.38 2825.43,1825.74 2808.79,1847.00
             2808.79,1847.00 2783.92,1878.00 2783.92,1878.00
             2780.41,1882.22 2773.77,1889.47 2773.25,1895.00
             2772.58,1902.16 2784.06,1910.66 2788.56,1916.00
             2788.56,1916.00 2813.43,1948.00 2813.43,1948.00
             2813.43,1948.00 2835.84,1972.00 2835.84,1972.00
             2843.32,1980.61 2844.52,1984.51 2850.35,1993.00
             2850.35,1993.00 2863.42,2011.00 2863.42,2011.00
             2868.28,2017.85 2881.63,2035.61 2884.49,2042.00
             2888.91,2051.88 2895.26,2084.33 2898.37,2097.00
             2898.37,2097.00 2905.21,2127.00 2905.21,2127.00
             2906.57,2133.32 2908.52,2139.46 2907.83,2146.00
             2907.83,2146.00 2904.67,2159.00 2904.67,2159.00
             2904.67,2159.00 2902.50,2175.00 2902.50,2175.00
             2902.50,2175.00 2898.31,2189.00 2898.31,2189.00
             2898.31,2189.00 2895.99,2209.00 2895.99,2209.00
             2895.99,2209.00 2890.88,2227.00 2890.88,2227.00
             2890.88,2227.00 2885.57,2252.00 2885.57,2252.00
             2885.57,2252.00 2877.43,2277.00 2877.43,2277.00
             2877.43,2277.00 2864.69,2317.00 2864.69,2317.00
             2860.42,2326.46 2853.35,2336.22 2847.69,2345.00
             2847.69,2345.00 2816.86,2395.00 2816.86,2395.00
             2816.86,2395.00 2798.99,2427.00 2798.99,2427.00
             2798.99,2427.00 2771.42,2473.00 2771.42,2473.00
             2771.42,2473.00 2755.20,2500.00 2755.20,2500.00
             2752.56,2504.41 2746.74,2514.33 2743.53,2517.70
             2740.13,2521.29 2731.46,2526.69 2727.00,2529.67
             2727.00,2529.67 2694.00,2551.88 2694.00,2551.88
             2694.00,2551.88 2638.00,2593.37 2638.00,2593.37
             2632.95,2597.16 2615.81,2610.84 2611.00,2612.06
             2607.01,2613.07 2601.69,2610.51 2598.00,2608.99
             2598.00,2608.99 2572.00,2597.85 2572.00,2597.85
             2572.00,2597.85 2541.00,2584.70 2541.00,2584.70
             2541.00,2584.70 2484.00,2569.37 2484.00,2569.37
             2484.00,2569.37 2459.00,2563.20 2459.00,2563.20
             2454.57,2562.30 2447.59,2560.98 2444.43,2557.61
             2441.62,2554.61 2441.83,2549.86 2442.09,2546.00
             2442.09,2546.00 2443.92,2532.00 2443.92,2532.00
             2443.92,2532.00 2443.92,2519.00 2443.92,2519.00
             2444.15,2506.50 2448.80,2506.95 2447.91,2494.00
             2447.91,2494.00 2437.42,2445.00 2437.42,2445.00
             2437.42,2445.00 2426.65,2399.00 2426.65,2399.00
             2426.65,2399.00 2418.58,2364.00 2418.58,2364.00
             2418.58,2364.00 2403.87,2304.00 2403.87,2304.00
             2401.82,2295.58 2396.60,2275.79 2397.04,2268.00
             2397.71,2256.30 2411.35,2254.20 2418.22,2262.21
             2418.22,2262.21 2438.24,2297.00 2438.24,2297.00
             2442.37,2303.45 2445.99,2306.49 2450.70,2312.00
             2454.42,2316.34 2461.50,2326.09 2464.58,2331.00
             2464.58,2331.00 2479.99,2356.00 2479.99,2356.00
             2479.99,2356.00 2491.69,2376.00 2491.69,2376.00
             2491.69,2376.00 2522.58,2420.00 2522.58,2420.00
             2522.58,2420.00 2547.09,2453.83 2547.09,2453.83
             2547.09,2453.83 2576.00,2474.72 2576.00,2474.72
             2581.80,2478.78 2596.52,2489.62 2602.00,2492.10
             2602.00,2492.10 2639.00,2503.14 2639.00,2503.14
             2639.00,2503.14 2671.00,2512.42 2671.00,2512.42
             2674.49,2513.39 2683.90,2516.50 2686.99,2516.13
             2692.36,2515.50 2696.23,2506.39 2698.72,2502.00
             2698.72,2502.00 2722.77,2459.00 2722.77,2459.00
             2722.77,2459.00 2761.26,2382.00 2761.26,2382.00
             2761.26,2382.00 2781.79,2337.00 2781.79,2337.00
             2781.79,2337.00 2787.75,2302.00 2787.75,2302.00
             2787.75,2302.00 2792.96,2263.00 2792.96,2263.00
             2792.67,2257.28 2786.03,2242.08 2783.60,2236.00
             2781.18,2229.96 2778.29,2221.30 2775.07,2216.00
             2775.07,2216.00 2759.60,2196.00 2759.60,2196.00
             2759.60,2196.00 2713.70,2138.00 2713.70,2138.00
             2713.70,2138.00 2707.43,2128.00 2707.43,2128.00
             2707.43,2128.00 2699.09,2117.00 2699.09,2117.00
             2699.09,2117.00 2679.11,2088.00 2679.11,2088.00
             2679.11,2088.00 2651.41,2055.00 2651.41,2055.00
             2651.41,2055.00 2624.96,2024.00 2624.96,2024.00
             2624.96,2024.00 2605.00,2004.96 2605.00,2004.96
             2605.00,2004.96 2590.00,1990.04 2590.00,1990.04
             2590.00,1990.04 2559.00,1960.96 2559.00,1960.96
             2526.26,1929.64 2489.37,1890.46 2465.42,1852.00
             2465.42,1852.00 2456.14,1835.00 2456.14,1835.00
             2456.14,1835.00 2444.31,1813.00 2444.31,1813.00
             2436.29,1795.50 2431.59,1774.74 2427.35,1756.00
             2423.94,1740.95 2419.18,1721.25 2418.85,1706.00
             2418.85,1706.00 2418.85,1686.00 2418.85,1686.00
             2417.62,1678.41 2414.68,1673.25 2415.04,1665.00
             2415.44,1655.85 2420.81,1648.91 2424.51,1641.00
             2424.51,1641.00 2432.67,1617.00 2432.67,1617.00
             2444.17,1582.49 2452.17,1560.40 2469.69,1528.00
             2469.69,1528.00 2480.86,1507.00 2480.86,1507.00
             2480.86,1507.00 2510.17,1471.00 2510.17,1471.00
             2510.17,1471.00 2530.96,1449.00 2530.96,1449.00
             2530.96,1449.00 2539.04,1440.17 2539.04,1440.17
             2539.04,1440.17 2565.00,1417.29 2565.00,1417.29
             2569.80,1413.08 2584.12,1403.12 2584.06,1396.58
             2584.01,1391.00 2575.12,1384.48 2571.00,1381.37
             2557.56,1371.23 2544.06,1360.76 2532.00,1348.99
             2496.78,1314.62 2475.53,1275.68 2461.02,1229.00
             2452.06,1200.15 2447.46,1172.87 2443.85,1143.00
             2443.85,1143.00 2439.01,1113.00 2439.01,1113.00
             2439.01,1113.00 2439.91,1098.00 2439.91,1098.00
             2439.91,1098.00 2439.91,1085.00 2439.91,1085.00
             2439.91,1085.00 2438.00,1065.00 2438.00,1065.00
             2437.99,1057.17 2440.55,1038.41 2442.77,1031.00
             2442.77,1031.00 2448.25,1016.00 2448.25,1016.00
             2450.15,1009.23 2450.73,999.88 2454.22,994.00
             2456.76,989.72 2464.20,982.80 2468.00,979.00
             2468.00,979.00 2496.00,951.91 2496.00,951.91
             2496.00,951.91 2518.00,930.04 2518.00,930.04
             2518.00,930.04 2575.00,875.91 2575.00,875.91
             2575.00,875.91 2633.00,819.85 2633.00,819.85
             2641.42,812.43 2661.76,797.17 2672.00,793.55
             2679.72,790.81 2693.65,790.09 2702.00,790.00
             2702.00,790.00 2712.00,789.09 2712.00,789.09
             2712.00,789.09 2758.00,785.09 2758.00,785.09
             2758.00,785.09 2801.00,782.17 2801.00,782.17
             2801.00,782.17 2813.00,781.42 2813.00,781.42 Z
           M 2633.00,1430.39
           C 2623.79,1433.15 2614.97,1441.48 2608.00,1447.92
             2591.20,1463.45 2592.85,1466.66 2584.57,1486.00
             2584.57,1486.00 2572.59,1512.00 2572.59,1512.00
             2570.90,1518.02 2570.08,1539.84 2570.00,1547.00
             2570.00,1547.00 2568.04,1568.00 2568.04,1568.00
             2568.04,1568.00 2568.99,1584.00 2568.99,1584.00
             2568.99,1584.00 2568.00,1599.00 2568.00,1599.00
             2567.93,1605.66 2569.96,1628.72 2571.29,1635.00
             2571.29,1635.00 2575.58,1651.00 2575.58,1651.00
             2577.18,1658.27 2577.17,1664.85 2579.70,1672.00
             2585.63,1688.77 2591.71,1695.87 2601.26,1710.00
             2601.26,1710.00 2610.88,1725.00 2610.88,1725.00
             2610.88,1725.00 2634.72,1753.00 2634.72,1753.00
             2634.72,1753.00 2653.95,1776.00 2653.95,1776.00
             2664.02,1787.34 2670.88,1792.58 2682.00,1802.28
             2682.00,1802.28 2715.00,1833.00 2715.00,1833.00
             2720.62,1838.62 2730.32,1851.10 2739.00,1849.57
             2747.43,1848.09 2756.69,1835.32 2762.13,1829.00
             2779.97,1808.26 2796.03,1785.49 2808.25,1761.00
             2818.09,1741.26 2827.97,1709.10 2828.00,1687.00
             2828.00,1687.00 2826.17,1656.00 2826.17,1656.00
             2824.09,1634.58 2820.45,1617.24 2813.05,1597.00
             2809.89,1588.33 2808.13,1579.14 2803.69,1571.00
             2791.86,1549.32 2763.33,1516.72 2745.00,1500.17
             2745.00,1500.17 2717.00,1477.63 2717.00,1477.63
             2717.00,1477.63 2663.00,1441.32 2663.00,1441.32
             2653.58,1435.35 2644.60,1428.84 2633.00,1430.39 Z" />
</svg>
