<?xml version="1.0" encoding="UTF-8" standalone="no"?>
<!DOCTYPE svg PUBLIC "-//W3C//DTD SVG 20010904//EN"
              "http://www.w3.org/TR/2001/REC-SVG-20010904/DTD/svg10.dtd">

<svg xmlns="http://www.w3.org/2000/svg"
     width="5.84in" height="4.13333in"
     viewBox="0 0 1752 1240">
  <path id="Selection"
        fill="none" stroke="black" stroke-width="1"
        d="M 992.00,597.00
           C 989.54,592.53 988.41,593.18 984.00,591.55
             972.74,587.39 976.35,589.97 966.00,588.42
             957.76,587.18 957.55,584.82 953.00,585.49
             949.22,586.05 948.03,587.32 943.00,586.89
             943.00,586.89 935.58,585.30 935.58,585.30
             935.58,585.30 928.00,586.91 928.00,586.91
             928.00,586.91 889.00,591.42 889.00,591.42
             889.00,591.42 864.00,594.28 864.00,594.28
             861.52,594.59 856.82,595.79 855.04,593.40
             852.26,589.68 859.75,579.42 861.80,576.00
             861.80,576.00 889.80,529.00 889.80,529.00
             889.80,529.00 980.20,377.00 980.20,377.00
             980.20,377.00 1001.60,341.00 1001.60,341.00
             1006.72,332.47 1011.38,324.10 1021.00,320.00
             1020.94,326.56 1018.64,348.26 1016.81,354.00
             1013.18,365.34 998.98,388.56 992.42,400.00
             992.42,400.00 961.58,454.00 961.58,454.00
             961.58,454.00 946.58,480.00 946.58,480.00
             943.12,486.05 939.10,492.03 938.00,499.00
             938.00,499.00 970.00,485.80 970.00,485.80
             970.00,485.80 986.91,479.65 986.91,479.65
             986.91,479.65 996.00,483.31 996.00,483.31
             996.00,483.31 1012.00,487.37 1012.00,487.37
             1012.00,487.37 1020.00,487.37 1020.00,487.37
             1020.00,487.37 1028.00,490.75 1028.00,490.75
             1028.00,490.75 1037.00,492.57 1037.00,492.57
             1037.00,492.57 1042.00,494.75 1042.00,494.75
             1042.00,494.75 1049.91,495.60 1049.91,495.60
             1049.91,495.60 1058.01,500.87 1058.01,500.87
             1058.01,500.87 1086.00,511.39 1086.00,511.39
             1086.00,511.39 1094.00,516.00 1094.00,516.00
             1094.00,516.00 1093.00,520.00 1093.00,520.00
             1100.41,523.41 1099.62,525.04 1105.29,529.70
             1105.29,529.70 1113.53,535.63 1113.53,535.63
             1117.72,539.62 1116.26,541.98 1123.00,544.00
             1123.42,549.22 1124.34,551.71 1130.00,552.00
             1130.00,552.00 1129.00,560.00 1129.00,560.00
             1129.00,560.00 1133.00,560.00 1133.00,560.00
             1131.93,565.32 1131.38,566.94 1137.00,569.00
             1137.00,569.00 1137.00,573.00 1137.00,573.00
             1137.00,573.00 1140.00,573.00 1140.00,573.00
             1140.00,573.00 1140.00,580.00 1140.00,580.00
             1140.00,580.00 1145.00,578.00 1145.00,578.00
             1142.43,590.03 1146.42,590.38 1148.39,596.08
             1148.39,596.08 1150.06,604.01 1150.06,604.01
             1150.06,604.01 1154.06,615.00 1154.06,615.00
             1155.15,618.46 1153.99,621.39 1154.06,625.00
             1154.08,629.17 1154.96,629.69 1155.51,633.00
             1156.81,640.85 1149.97,642.95 1158.00,650.00
             1154.72,656.53 1153.39,658.39 1152.30,666.00
             1152.30,666.00 1150.99,681.00 1150.99,681.00
             1150.99,681.00 1148.34,688.00 1148.34,688.00
             1147.51,690.74 1147.86,691.97 1146.45,694.99
             1144.47,699.19 1141.45,701.42 1140.08,704.18
             1140.08,704.18 1135.41,718.00 1135.41,718.00
             1132.59,723.58 1128.08,727.99 1124.66,733.09
             1124.66,733.09 1117.80,746.00 1117.80,746.00
             1115.13,751.38 1117.83,753.07 1115.83,756.62
             1115.83,756.62 1108.48,764.09 1108.48,764.09
             1108.48,764.09 1103.48,771.00 1103.48,771.00
             1103.48,771.00 1096.33,779.00 1096.33,779.00
             1096.33,779.00 1086.68,793.00 1086.68,793.00
             1086.68,793.00 1082.63,802.00 1082.63,802.00
             1082.63,802.00 1077.95,810.00 1077.95,810.00
             1077.95,810.00 1072.89,820.00 1072.89,820.00
             1063.63,834.95 1060.17,834.60 1055.47,841.28
             1055.47,841.28 1048.52,853.83 1048.52,853.83
             1048.52,853.83 1041.96,862.00 1041.96,862.00
             1040.48,864.26 1039.47,866.79 1037.65,868.83
             1035.21,871.57 1033.54,871.46 1031.00,873.50
             1031.00,873.50 1021.58,882.67 1021.58,882.67
             1021.58,882.67 1003.83,896.80 1003.83,896.80
             1003.83,896.80 984.00,909.59 984.00,909.59
             977.22,914.54 965.19,924.59 958.00,927.96
             958.00,927.96 951.00,930.46 951.00,930.46
             943.85,933.17 937.18,937.15 932.99,928.42
             932.32,927.03 931.24,924.45 930.98,922.99
             929.90,916.86 939.29,908.72 943.58,905.00
             943.58,905.00 968.83,883.42 968.83,883.42
             968.83,883.42 986.98,864.00 986.98,864.00
             986.98,864.00 1003.52,843.00 1003.52,843.00
             1003.52,843.00 1011.15,834.91 1011.15,834.91
             1011.15,834.91 1019.72,818.00 1019.72,818.00
             1021.00,814.01 1019.86,812.83 1022.18,809.00
             1022.18,809.00 1035.13,791.91 1035.13,791.91
             1035.13,791.91 1039.83,783.00 1039.83,783.00
             1039.83,783.00 1044.31,777.00 1044.31,777.00
             1044.31,777.00 1048.14,769.28 1048.14,769.28
             1048.14,769.28 1057.34,754.00 1057.34,754.00
             1060.73,747.16 1059.10,744.50 1061.47,739.00
             1066.26,727.86 1068.23,728.90 1071.97,715.00
             1071.97,715.00 1073.62,710.00 1073.62,710.00
             1074.35,705.89 1071.82,704.18 1071.73,699.00
             1071.73,699.00 1072.41,689.00 1072.41,689.00
             1071.99,677.98 1065.87,656.24 1059.86,647.13
             1059.86,647.13 1050.26,636.13 1050.26,636.13
             1050.26,636.13 1046.54,633.12 1046.54,633.12
             1044.41,630.98 1044.55,628.60 1042.24,625.76
             1040.46,623.58 1029.63,616.78 1027.00,616.00
             1027.00,616.00 1026.00,610.00 1026.00,610.00
             1016.67,609.91 1016.46,608.71 1009.54,603.48
             1006.71,601.34 1006.18,602.32 1004.00,599.00
             1004.00,599.00 1002.00,601.00 1002.00,601.00
             1002.00,601.00 1001.00,601.00 1001.00,601.00
             998.45,595.51 997.83,595.01 992.00,597.00 Z
           M 1136.00,714.00
           C 1136.00,714.00 1135.00,714.00 1135.00,714.00
             1135.00,714.00 1136.00,715.00 1136.00,715.00
             1136.00,715.00 1136.00,714.00 1136.00,714.00 Z" />
</svg>
