<?xml version="1.0" encoding="UTF-8" standalone="no"?>
<!DOCTYPE svg PUBLIC "-//W3C//DTD SVG 20010904//EN"
              "http://www.w3.org/TR/2001/REC-SVG-20010904/DTD/svg10.dtd">

<svg xmlns="http://www.w3.org/2000/svg"
     width="5.61333in" height="8.16in"
     viewBox="0 0 1684 2448">
  <path id="sz-1"
        fill="none" stroke="black" stroke-width="1"
        d="M 562.00,1744.87
           C 565.16,1736.77 573.92,1728.87 582.96,1734.74
             586.97,1737.35 591.19,1744.55 592.93,1749.00
             597.29,1760.14 600.02,1772.05 600.00,1784.00
             599.99,1793.19 597.33,1800.18 595.51,1809.00
             594.35,1814.61 594.63,1817.90 592.45,1824.00
             592.45,1824.00 580.42,1849.00 580.42,1849.00
             577.49,1855.25 570.28,1867.28 566.28,1873.00
             562.68,1878.15 561.03,1881.58 555.00,1884.00
             558.08,1873.26 560.87,1877.82 568.64,1863.00
             568.64,1863.00 585.04,1830.00 585.04,1830.00
             586.71,1825.36 586.74,1819.83 587.62,1815.00
             590.90,1796.90 593.62,1795.03 588.87,1776.00
             586.47,1766.36 582.50,1748.63 572.00,1744.87
             568.95,1743.61 565.16,1744.58 562.00,1744.87 Z
           M 559.00,1747.00
           C 559.00,1747.00 560.00,1747.00 560.00,1747.00
             560.00,1747.00 559.00,1748.00 559.00,1748.00
             559.00,1748.00 559.00,1747.00 559.00,1747.00 Z
           M 556.00,1751.00
           C 556.27,1755.31 547.30,1768.66 545.07,1774.00
             540.39,1785.19 537.60,1801.90 536.15,1814.00
             532.42,1845.27 531.95,1876.52 532.00,1908.00
             532.00,1908.00 532.53,1919.00 532.53,1919.00
             532.53,1919.00 531.17,1927.00 531.17,1927.00
             531.17,1927.00 530.00,1951.00 530.00,1951.00
             530.00,1951.00 529.18,1965.00 529.18,1965.00
             529.18,1965.00 530.00,1986.00 530.00,1986.00
             530.00,1986.00 527.18,2010.00 527.18,2010.00
             526.83,2016.18 528.95,2017.60 527.18,2025.00
             526.17,2029.75 526.31,2034.29 522.00,2037.00
             522.00,2037.00 520.00,2020.00 520.00,2020.00
             520.00,2020.00 521.00,1983.00 521.00,1983.00
             521.00,1983.00 520.34,1972.00 520.34,1972.00
             520.34,1972.00 521.79,1952.00 521.79,1952.00
             521.79,1952.00 520.80,1944.00 520.80,1944.00
             520.80,1944.00 519.69,1927.00 519.69,1927.00
             519.69,1927.00 511.00,1902.00 511.00,1902.00
             509.27,1903.47 508.53,1903.82 507.56,1906.04
             505.56,1910.62 505.69,1927.53 506.23,1932.91
             506.23,1932.91 507.16,1941.01 507.16,1941.01
             507.16,1941.01 503.17,1955.00 503.17,1955.00
             502.27,1961.16 502.97,1970.69 496.00,1973.00
             496.00,1973.00 496.00,1966.00 496.00,1966.00
             496.00,1966.00 502.09,1932.00 502.09,1932.00
             502.09,1932.00 502.09,1909.00 502.09,1909.00
             502.09,1909.00 505.18,1897.00 505.18,1897.00
             505.18,1897.00 510.00,1880.00 510.00,1880.00
             517.14,1882.27 518.84,1892.91 522.00,1899.00
             523.33,1893.52 522.83,1894.23 522.51,1889.00
             522.51,1889.00 523.96,1869.00 523.96,1869.00
             523.96,1869.00 523.96,1853.00 523.96,1853.00
             523.96,1853.00 526.00,1833.00 526.00,1833.00
             526.00,1833.00 526.00,1824.00 526.00,1824.00
             526.82,1817.99 530.90,1796.37 532.88,1791.00
             535.67,1783.39 544.04,1766.39 548.63,1760.00
             548.63,1760.00 556.00,1751.00 556.00,1751.00 Z
           M 544.00,1868.00
           C 544.00,1868.00 553.00,1869.00 553.00,1869.00
             553.00,1869.00 553.00,1873.00 553.00,1873.00
             553.00,1873.00 544.00,1872.00 544.00,1872.00
             544.00,1872.00 544.00,1868.00 544.00,1868.00 Z
           M 549.00,1943.00
           C 547.40,1948.97 542.68,1952.98 545.02,1957.91
             547.58,1963.31 554.68,1968.93 561.00,1967.53
             563.53,1966.97 565.82,1965.11 568.00,1963.75
             570.85,1961.98 573.71,1960.76 574.83,1957.27
             576.47,1952.11 571.86,1945.06 569.17,1941.00
             566.91,1937.60 564.71,1934.09 561.83,1931.17
             553.53,1922.75 538.93,1915.47 543.82,1901.17
             544.63,1898.78 546.27,1896.74 547.71,1894.70
             550.32,1891.01 550.84,1889.19 555.00,1887.00
             555.00,1887.00 551.52,1900.00 551.52,1900.00
             551.52,1900.00 556.56,1907.27 556.56,1907.27
             556.56,1907.27 571.11,1922.17 571.11,1922.17
             571.11,1922.17 578.17,1929.59 578.17,1929.59
             578.17,1929.59 586.00,1929.00 586.00,1929.00
             578.73,1935.63 582.62,1937.02 582.96,1945.00
             583.42,1955.70 577.87,1960.66 571.50,1968.17
             569.12,1970.97 567.09,1974.72 563.83,1976.55
             561.68,1977.75 559.38,1977.92 557.00,1978.27
             554.12,1978.70 550.95,1979.27 548.04,1978.78
             543.15,1977.96 537.56,1972.96 536.74,1968.00
             536.06,1963.91 542.15,1950.39 544.65,1947.04
             546.09,1945.11 547.15,1944.41 549.00,1943.00 Z
           M 536.00,1911.00
           C 536.00,1911.00 537.00,1911.00 537.00,1911.00
             537.00,1911.00 536.00,1912.00 536.00,1912.00
             536.00,1912.00 536.00,1911.00 536.00,1911.00 Z
           M 589.00,1927.00
           C 589.00,1927.00 596.00,1926.00 596.00,1926.00
             596.00,1926.00 597.00,1929.00 597.00,1929.00
             597.00,1929.00 589.00,1927.00 589.00,1927.00 Z" />
</svg>
