<?xml version="1.0" encoding="UTF-8" standalone="no"?>
<!DOCTYPE svg PUBLIC "-//W3C//DTD SVG 20010904//EN"
              "http://www.w3.org/TR/2001/REC-SVG-20010904/DTD/svg10.dtd">

<svg xmlns="http://www.w3.org/2000/svg"
     width="6.46667in" height="9.53333in"
     viewBox="0 0 1940 2860">
  <path id="th-1"
        fill="none" stroke="black" stroke-width="1"
        d="M 508.00,110.00
           C 508.00,110.00 516.12,87.00 516.12,87.00
             516.12,87.00 523.64,73.00 523.64,73.00
             523.64,73.00 533.75,54.00 533.75,54.00
             535.54,51.41 542.51,44.05 545.00,42.37
             546.74,41.19 549.51,40.22 550.13,43.16
             550.58,45.32 548.48,48.21 547.45,50.00
             547.45,50.00 540.17,64.00 540.17,64.00
             536.12,71.67 534.01,75.31 531.15,83.58
             531.15,83.58 528.18,93.00 528.18,93.00
             528.18,93.00 521.51,109.00 521.51,109.00
             520.37,112.47 516.51,123.05 517.20,126.00
             518.25,130.53 527.63,142.56 530.72,147.00
             530.72,147.00 536.68,156.00 536.68,156.00
             536.68,156.00 547.84,170.00 547.84,170.00
             547.84,170.00 561.87,190.82 561.87,190.82
             566.12,195.97 572.64,198.83 576.43,206.42
             578.36,209.88 576.74,215.23 576.43,219.00
             576.43,219.00 575.00,242.00 575.00,242.00
             574.97,258.26 576.09,275.70 573.93,291.72
             573.31,296.35 573.25,304.15 571.07,308.00
             565.85,317.18 555.10,321.81 549.09,328.02
             543.18,334.12 536.70,343.36 529.00,347.00
             529.00,347.00 508.66,321.00 508.66,321.00
             506.94,318.23 504.53,311.34 503.34,308.00
             498.11,293.38 497.00,294.47 497.00,278.00
             497.00,278.00 483.06,289.83 483.06,289.83
             480.68,290.74 479.26,289.32 480.17,286.94
             481.25,284.11 491.25,274.80 493.99,272.00
             499.93,265.90 499.85,264.66 504.46,259.00
             504.46,259.00 517.00,245.00 517.00,245.00
             519.05,242.93 524.53,237.08 526.94,236.17
             532.42,234.09 529.79,240.85 528.28,243.00
             525.32,247.20 518.32,254.42 516.58,259.00
             511.05,273.59 521.10,296.21 529.63,308.00
             529.63,308.00 536.62,316.00 536.62,316.00
             536.62,316.00 544.00,326.00 544.00,326.00
             546.86,322.00 553.09,316.47 554.41,313.00
             556.61,307.25 557.00,287.83 557.00,281.00
             557.00,281.00 558.37,229.00 558.37,229.00
             558.96,219.77 550.95,211.98 545.85,205.00
             545.85,205.00 506.00,153.00 506.00,153.00
             505.54,162.35 503.51,165.48 497.00,172.00
             493.81,175.19 492.12,177.05 488.00,179.00
             488.00,179.00 487.00,178.00 487.00,178.00
             487.00,178.00 493.87,150.00 493.87,150.00
             493.87,150.00 496.81,137.66 496.81,137.66
             496.81,137.66 490.25,125.00 490.25,125.00
             490.25,125.00 484.35,113.00 484.35,113.00
             484.35,113.00 481.65,105.00 481.65,105.00
             481.65,105.00 477.00,95.00 477.00,95.00
             475.30,95.92 467.99,99.66 470.17,93.94
             470.97,91.84 477.95,84.92 480.14,82.00
             482.85,78.39 492.13,67.56 495.98,66.17
             498.93,65.10 500.62,67.23 500.60,70.02
             500.58,72.37 499.10,73.74 499.00,80.00
             498.82,91.32 501.85,100.55 508.00,110.00 Z" />
</svg>
