<?xml version="1.0" encoding="UTF-8" standalone="no"?>
<!DOCTYPE svg PUBLIC "-//W3C//DTD SVG 20010904//EN"
              "http://www.w3.org/TR/2001/REC-SVG-20010904/DTD/svg10.dtd">

<svg xmlns="http://www.w3.org/2000/svg"
     width="6.46667in" height="9.53333in"
     viewBox="0 0 1940 2860">
  <path id="Tth-1"
        fill="none" stroke="black" stroke-width="1"
        d="M 630.00,199.00
           C 627.05,199.00 617.49,199.72 615.74,197.40
             614.32,195.51 615.98,193.47 617.16,192.00
             619.01,189.72 625.50,183.27 628.00,182.02
             630.76,180.64 634.92,181.03 638.00,181.00
             644.05,180.93 650.31,178.54 656.00,180.00
             656.00,180.00 647.74,192.00 647.74,192.00
             647.74,192.00 647.00,215.00 647.00,215.00
             651.78,211.62 657.58,207.50 663.00,205.27
             672.33,201.42 687.42,201.43 694.78,209.18
             698.62,213.23 699.01,219.03 701.18,224.00
             704.26,231.04 704.96,231.06 705.00,239.00
             705.00,239.00 705.00,251.00 705.00,251.00
             704.86,258.15 701.68,260.50 697.53,266.00
             691.12,274.48 681.10,285.99 673.00,292.67
             668.72,296.21 666.12,296.76 662.09,299.35
             659.26,301.17 649.42,311.22 648.02,314.00
             647.11,315.83 646.36,324.30 646.00,327.00
             655.05,327.12 655.05,329.65 648.98,336.00
             643.92,341.30 641.60,344.86 634.00,345.00
             634.00,345.00 624.00,345.00 624.00,345.00
             621.41,344.99 614.08,345.54 615.34,340.94
             616.24,337.63 624.98,330.84 627.40,327.00
             629.27,324.04 628.99,321.34 629.00,318.00
             629.00,318.00 629.00,249.00 629.00,249.00
             629.00,249.00 628.34,240.00 628.34,240.00
             628.34,240.00 629.00,229.00 629.00,229.00
             629.02,218.91 628.68,209.02 630.00,199.00 Z
           M 647.00,303.00
           C 647.00,303.00 667.00,285.21 667.00,285.21
             671.38,281.67 673.84,281.72 676.90,279.35
             678.99,277.74 685.54,269.38 686.40,267.00
             687.05,265.20 686.99,262.90 687.00,261.00
             687.09,247.05 687.93,250.76 683.11,238.00
             681.13,232.74 681.72,228.34 676.94,224.42
             671.70,220.11 661.28,220.29 655.04,222.03
             653.36,222.50 649.65,223.45 648.51,224.68
             646.69,226.66 647.01,230.46 647.00,233.00
             647.00,233.00 647.00,303.00 647.00,303.00 Z" />
</svg>
