<?xml version="1.0" encoding="UTF-8" standalone="no"?>
<!DOCTYPE svg PUBLIC "-//W3C//DTD SVG 20010904//EN"
              "http://www.w3.org/TR/2001/REC-SVG-20010904/DTD/svg10.dtd">

<svg xmlns="http://www.w3.org/2000/svg"
     width="6.46667in" height="9.53333in"
     viewBox="0 0 1940 2860">
  <path id="tth-1"
        fill="none" stroke="black" stroke-width="1"
        d="M 758.00,405.00
           C 758.00,405.00 763.81,390.00 763.81,390.00
             765.85,386.35 768.27,384.50 769.15,380.00
             770.74,375.04 769.01,366.77 769.15,361.00
             769.15,361.00 769.15,267.00 769.15,267.00
             769.15,267.00 768.00,252.00 768.00,252.00
             768.00,252.00 768.00,157.00 768.00,157.00
             768.00,157.00 767.00,142.00 767.00,142.00
             767.00,142.00 767.00,96.00 767.00,96.00
             767.00,96.00 767.00,50.00 767.00,50.00
             767.00,50.00 766.01,38.00 766.01,38.00
             766.01,38.00 766.01,27.00 766.01,27.00
             765.96,24.23 765.17,19.29 766.01,17.00
             767.69,11.80 777.97,4.36 783.00,2.59
             785.04,1.88 787.83,2.01 790.00,2.00
             787.13,11.83 783.02,21.67 783.00,32.00
             783.00,32.00 783.00,138.00 783.00,138.00
             783.00,138.00 783.00,175.00 783.00,175.00
             783.00,183.78 782.21,191.56 785.00,200.00
             787.35,194.78 795.63,184.57 801.00,182.60
             803.86,181.55 824.44,181.97 829.00,182.00
             830.81,182.01 833.12,181.94 834.83,182.56
             842.82,185.45 849.84,201.53 859.00,207.00
             859.00,207.00 856.14,216.00 856.14,216.00
             855.00,224.36 856.27,233.82 853.46,242.00
             851.41,247.93 844.65,253.74 841.04,259.00
             830.60,274.22 833.87,271.88 819.00,284.04
             815.53,286.88 811.55,291.01 807.00,291.77
             804.01,292.27 793.10,290.21 790.58,288.71
             790.58,288.71 783.00,283.00 783.00,283.00
             783.00,283.00 783.00,365.00 783.00,365.00
             782.98,375.32 779.64,376.69 774.41,385.00
             769.58,392.69 769.88,400.95 758.00,405.00 Z
           M 801.00,193.29
           C 798.86,193.62 795.98,193.94 794.09,195.01
             791.10,196.69 785.14,203.66 784.31,207.00
             783.42,210.59 784.95,217.71 785.00,222.00
             785.00,222.00 783.25,253.82 783.25,253.82
             783.95,256.94 787.84,260.42 789.87,263.01
             797.47,272.74 802.33,279.65 816.00,277.87
             825.31,276.66 828.50,267.22 833.39,261.00
             838.67,254.27 840.94,255.33 841.00,246.00
             841.00,246.00 841.00,224.00 841.00,224.00
             841.00,221.34 841.25,215.28 840.40,213.04
             839.50,210.65 834.25,205.54 832.21,203.00
             830.29,200.61 827.23,196.15 824.54,194.82
             820.80,192.98 805.60,192.86 801.00,193.29 Z" />
</svg>
