<?xml version="1.0" encoding="UTF-8" standalone="no"?>
<!DOCTYPE svg PUBLIC "-//W3C//DTD SVG 20010904//EN"
              "http://www.w3.org/TR/2001/REC-SVG-20010904/DTD/svg10.dtd">

<svg xmlns="http://www.w3.org/2000/svg"
     width="35.5556in" height="22.2222in"
     viewBox="0 0 2560 1600">
  <path id="yen-1"
        fill="none" stroke="black" stroke-width="1"
        d="M 1356.00,561.00
           C 1356.00,561.00 1389.00,550.71 1389.00,550.71
             1391.82,550.05 1400.02,550.38 1402.39,551.99
             1404.42,553.37 1406.78,558.29 1408.02,560.58
             1408.02,560.58 1418.35,580.04 1418.35,580.04
             1418.35,580.04 1454.42,648.00 1454.42,648.00
             1454.42,648.00 1494.53,723.00 1494.53,723.00
             1494.53,723.00 1535.18,800.00 1535.18,800.00
             1535.18,800.00 1561.18,848.99 1561.18,848.99
             1561.18,848.99 1582.00,889.00 1582.00,889.00
             1579.14,892.88 1580.00,897.32 1580.00,902.00
             1580.00,902.00 1593.25,902.00 1593.25,902.00
             1593.00,899.09 1592.79,893.60 1593.25,891.00
             1594.60,886.94 1601.13,877.41 1603.64,872.95
             1603.64,872.95 1625.13,836.85 1625.13,836.85
             1625.13,836.85 1687.71,730.01 1687.71,730.01
             1687.71,730.01 1715.13,683.09 1715.13,683.09
             1715.13,683.09 1724.56,667.00 1724.56,667.00
             1724.56,667.00 1742.02,636.28 1742.02,636.28
             1751.05,620.57 1749.08,620.03 1759.00,620.00
             1759.00,605.66 1757.94,611.30 1757.13,604.00
             1757.13,604.00 1756.48,593.00 1756.48,593.00
             1754.75,585.06 1747.32,575.31 1741.40,569.92
             1741.40,569.92 1718.00,553.00 1718.00,553.00
             1718.00,553.00 1818.00,553.00 1818.00,553.00
             1818.00,553.00 1817.49,559.00 1817.49,559.00
             1817.49,559.00 1801.72,588.00 1801.72,588.00
             1801.72,588.00 1793.90,601.71 1793.90,601.71
             1793.90,601.71 1785.00,609.00 1785.00,609.00
             1785.00,609.00 1789.00,611.00 1789.00,611.00
             1789.00,611.00 1785.00,612.00 1785.00,612.00
             1786.17,619.68 1779.75,627.53 1776.01,634.00
             1776.01,634.00 1748.69,683.00 1748.69,683.00
             1748.69,683.00 1678.96,808.00 1678.96,808.00
             1678.96,808.00 1643.07,872.00 1643.07,872.00
             1643.07,872.00 1613.18,925.01 1613.18,925.01
             1610.95,929.01 1605.66,940.78 1601.82,942.40
             1600.09,943.13 1596.91,942.99 1595.00,943.00
             1595.00,943.00 1595.00,955.00 1595.00,955.00
             1595.00,955.00 1600.00,955.00 1600.00,955.00
             1600.00,955.00 1600.00,967.00 1600.00,967.00
             1600.00,967.00 1596.00,967.00 1596.00,967.00
             1596.00,967.00 1596.00,980.00 1596.00,980.00
             1601.65,980.00 1606.90,981.49 1610.00,976.00
             1610.00,976.00 1670.00,975.00 1670.00,975.00
             1670.00,975.00 1698.00,973.00 1698.00,973.00
             1698.00,973.00 1753.00,973.00 1753.00,973.00
             1753.00,973.00 1756.00,976.00 1756.00,976.00
             1754.50,981.51 1746.04,999.68 1742.22,1003.26
             1737.40,1007.77 1730.90,1000.93 1730.00,1012.00
             1730.00,1012.00 1714.00,1012.00 1714.00,1012.00
             1714.00,1012.00 1698.00,1013.00 1698.00,1013.00
             1698.00,1013.00 1649.00,1013.00 1649.00,1013.00
             1648.16,1005.84 1643.24,1004.02 1645.00,1013.00
             1645.00,1013.00 1641.00,1013.00 1641.00,1013.00
             1641.00,1013.00 1640.00,1006.00 1640.00,1006.00
             1640.00,1006.00 1638.00,1006.00 1638.00,1006.00
             1638.00,1006.00 1637.00,1013.00 1637.00,1013.00
             1637.00,1013.00 1609.00,1013.00 1609.00,1013.00
             1609.00,1013.00 1609.00,1009.00 1609.00,1009.00
             1609.00,1009.00 1596.00,1009.00 1596.00,1009.00
             1596.00,1015.56 1594.09,1021.68 1602.00,1023.00
             1601.98,1028.65 1602.64,1032.88 1596.00,1034.00
             1596.00,1034.00 1596.00,1047.00 1596.00,1047.00
             1601.65,1047.00 1606.90,1048.49 1610.00,1043.00
             1610.00,1043.00 1629.00,1043.00 1629.00,1043.00
             1629.00,1043.00 1645.00,1042.00 1645.00,1042.00
             1645.00,1042.00 1670.00,1042.00 1670.00,1042.00
             1670.00,1042.00 1692.00,1040.00 1692.00,1040.00
             1692.00,1040.00 1748.00,1040.00 1748.00,1040.00
             1747.73,1047.69 1745.15,1048.63 1741.57,1055.00
             1739.07,1059.44 1737.44,1064.29 1735.55,1069.00
             1734.63,1071.32 1732.40,1077.51 1730.52,1078.83
             1728.38,1080.32 1723.61,1080.00 1721.00,1080.00
             1721.00,1080.00 1721.00,1086.00 1721.00,1086.00
             1721.00,1086.00 1649.00,1086.00 1649.00,1086.00
             1649.00,1086.00 1648.00,1079.00 1648.00,1079.00
             1648.00,1079.00 1650.00,1077.00 1650.00,1077.00
             1643.07,1077.35 1644.10,1080.94 1642.00,1086.00
             1642.00,1086.00 1641.00,1076.00 1641.00,1076.00
             1636.28,1078.66 1637.02,1081.01 1637.00,1086.00
             1637.00,1086.00 1610.00,1086.00 1610.00,1086.00
             1608.80,1075.76 1599.27,1078.93 1597.60,1080.60
             1595.42,1082.77 1596.00,1088.99 1596.00,1092.00
             1596.00,1092.00 1600.00,1092.00 1600.00,1092.00
             1600.00,1092.00 1600.00,1123.00 1600.00,1123.00
             1600.00,1123.00 1599.00,1140.00 1599.00,1140.00
             1599.00,1140.00 1599.00,1277.00 1599.00,1277.00
             1599.00,1277.00 1600.00,1291.00 1600.00,1291.00
             1591.98,1293.56 1597.45,1297.65 1592.69,1302.21
             1592.69,1302.21 1567.01,1318.83 1567.01,1318.83
             1561.45,1322.58 1555.87,1327.47 1549.00,1328.00
             1549.00,1328.00 1549.00,1127.00 1549.00,1127.00
             1549.00,1127.00 1548.00,1112.00 1548.00,1112.00
             1548.00,1112.00 1548.00,1094.00 1548.00,1094.00
             1548.00,1094.00 1552.00,1094.00 1552.00,1094.00
             1552.00,1094.00 1552.00,1080.00 1552.00,1080.00
             1545.60,1080.00 1540.29,1078.32 1539.00,1086.00
             1539.00,1086.00 1523.00,1086.00 1523.00,1086.00
             1523.00,1086.00 1491.00,1084.00 1491.00,1084.00
             1491.00,1084.00 1469.00,1084.00 1469.00,1084.00
             1469.00,1084.00 1468.00,1073.00 1468.00,1073.00
             1468.00,1073.00 1466.00,1073.00 1466.00,1073.00
             1466.00,1073.00 1465.00,1084.00 1465.00,1084.00
             1465.00,1084.00 1449.00,1084.00 1449.00,1084.00
             1448.77,1080.05 1448.15,1074.67 1443.00,1078.00
             1443.00,1078.00 1441.00,1078.00 1441.00,1078.00
             1437.94,1076.03 1437.59,1076.66 1435.00,1079.00
             1425.54,1076.07 1427.60,1081.17 1421.87,1082.69
             1421.87,1082.69 1408.00,1084.00 1408.00,1084.00
             1408.91,1077.47 1412.32,1073.54 1419.00,1073.00
             1420.08,1067.94 1424.68,1053.77 1429.39,1051.57
             1431.01,1050.82 1435.10,1051.00 1437.00,1051.00
             1437.00,1051.00 1437.00,1045.00 1437.00,1045.00
             1437.00,1045.00 1485.00,1045.00 1485.00,1045.00
             1485.00,1045.00 1502.00,1044.00 1502.00,1044.00
             1502.00,1044.00 1523.00,1044.00 1523.00,1044.00
             1523.00,1044.00 1539.00,1043.00 1539.00,1043.00
             1539.00,1043.00 1539.00,1046.00 1539.00,1046.00
             1539.00,1046.00 1552.00,1046.00 1552.00,1046.00
             1552.00,1046.00 1552.00,1034.00 1552.00,1034.00
             1552.00,1034.00 1547.00,1034.00 1547.00,1034.00
             1547.00,1034.00 1547.00,1024.00 1547.00,1024.00
             1548.34,1023.24 1549.04,1023.20 1549.98,1021.71
             1551.44,1019.40 1551.41,1013.61 1549.40,1011.60
             1547.36,1009.56 1539.38,1007.74 1538.00,1016.00
             1529.83,1014.92 1528.09,1015.01 1520.00,1015.00
             1520.00,1015.00 1505.00,1014.00 1505.00,1014.00
             1505.00,1014.00 1486.00,1014.00 1486.00,1014.00
             1486.00,1014.00 1469.00,1013.00 1469.00,1013.00
             1451.61,1012.97 1452.33,1014.26 1450.00,1006.00
             1450.00,1006.00 1448.00,1006.00 1448.00,1006.00
             1448.00,1006.00 1445.00,1010.00 1445.00,1010.00
             1441.52,1006.24 1440.32,1005.86 1437.00,1010.00
             1437.00,1010.00 1441.00,1010.00 1441.00,1010.00
             1438.51,1013.72 1436.15,1012.99 1432.00,1013.00
             1432.00,1013.00 1411.10,1013.00 1411.10,1013.00
             1411.10,1013.00 1411.10,1007.00 1411.10,1007.00
             1411.10,1007.00 1426.51,989.20 1426.51,989.20
             1426.51,989.20 1433.33,981.02 1433.33,981.02
             1433.33,981.02 1441.00,980.00 1441.00,980.00
             1441.00,980.00 1441.00,976.00 1441.00,976.00
             1441.00,976.00 1466.00,976.00 1466.00,976.00
             1466.00,976.00 1486.00,975.00 1486.00,975.00
             1486.00,975.00 1537.00,974.00 1537.00,974.00
             1539.23,980.97 1547.24,979.57 1549.40,977.40
             1551.41,975.39 1551.44,969.60 1549.98,967.29
             1549.04,965.80 1548.34,965.76 1547.00,965.00
             1547.00,965.00 1545.70,950.11 1545.70,950.11
             1546.92,946.13 1552.01,946.42 1551.44,941.98
             1550.56,935.06 1540.92,931.09 1536.65,922.96
             1536.65,922.96 1502.03,856.00 1502.03,856.00
             1502.03,856.00 1479.69,812.00 1479.69,812.00
             1479.69,812.00 1449.13,753.80 1440.67,737.67
             1439.30,735.08 1438.51,733.58 1438.51,733.58
             1438.51,733.58 1412.98,685.00 1412.98,685.00
             1412.98,685.00 1380.73,627.00 1380.73,627.00
             1380.73,627.00 1366.70,602.00 1366.70,602.00
             1365.69,598.92 1366.00,592.48 1366.00,589.00
             1353.86,588.99 1358.27,587.47 1347.71,580.42
             1341.67,576.39 1332.24,571.67 1325.00,571.00
             1325.00,571.00 1325.00,569.00 1325.00,569.00
             1325.00,569.00 1351.00,562.00 1351.00,562.00
             1351.00,562.00 1350.00,565.00 1350.00,565.00
             1350.00,565.00 1354.00,565.00 1354.00,565.00
             1354.00,565.00 1350.00,572.00 1350.00,572.00
             1350.00,572.00 1358.00,570.00 1358.00,570.00
             1358.00,570.00 1355.00,569.00 1355.00,569.00
             1355.00,569.00 1356.00,561.00 1356.00,561.00 Z
           M 1397.00,585.00
           C 1397.00,585.00 1394.00,585.00 1394.00,585.00
             1394.00,585.00 1394.00,595.00 1394.00,595.00
             1394.00,595.00 1398.00,595.00 1398.00,595.00
             1398.00,595.00 1397.00,585.00 1397.00,585.00 Z
           M 1625.00,884.00
           C 1625.00,884.00 1619.00,890.00 1619.00,890.00
             1621.15,895.49 1625.25,895.27 1626.31,892.67
             1627.21,890.49 1625.71,886.16 1625.00,884.00 Z
           M 1585.00,965.00
           C 1581.50,961.90 1579.50,961.88 1577.00,966.00
             1577.00,966.00 1581.00,966.00 1581.00,966.00
             1581.00,966.00 1577.00,972.97 1577.00,972.97
             1577.00,972.97 1588.93,972.97 1588.93,972.97
             1593.21,971.47 1591.79,968.10 1588.93,966.00
             1588.93,966.00 1592.00,963.00 1592.00,963.00
             1592.00,963.00 1585.00,965.00 1585.00,965.00 Z
           M 1588.00,970.00
           C 1588.00,970.00 1589.00,970.00 1589.00,970.00
             1589.00,970.00 1588.00,971.00 1588.00,971.00
             1588.00,971.00 1588.00,970.00 1588.00,970.00 Z
           M 1584.00,1008.00
           C 1580.39,1005.51 1579.05,1006.38 1577.00,1010.00
             1577.00,1010.00 1581.00,1010.00 1581.00,1010.00
             1581.00,1010.00 1577.00,1017.00 1577.00,1017.00
             1580.82,1017.01 1589.99,1018.74 1591.15,1013.87
             1591.44,1012.61 1590.23,1007.84 1590.00,1006.00
             1590.00,1006.00 1584.00,1008.00 1584.00,1008.00 Z
           M 1585.00,1010.00
           C 1585.00,1010.00 1587.00,1010.00 1587.00,1010.00
             1587.00,1010.00 1588.00,1015.00 1588.00,1015.00
             1588.00,1015.00 1583.00,1014.00 1583.00,1014.00
             1583.00,1014.00 1585.00,1010.00 1585.00,1010.00 Z
           M 1593.00,1040.00
           C 1592.81,1038.11 1592.87,1032.84 1591.94,1031.60
             1590.02,1029.04 1581.72,1030.26 1579.00,1031.00
             1579.00,1031.00 1579.00,1033.00 1579.00,1033.00
             1579.00,1033.00 1582.00,1033.00 1582.00,1033.00
             1582.00,1033.00 1578.00,1040.00 1578.00,1040.00
             1578.00,1040.00 1593.00,1040.00 1593.00,1040.00 Z
           M 1586.00,1033.00
           C 1586.00,1033.00 1589.00,1033.00 1589.00,1033.00
             1589.00,1033.00 1586.00,1038.00 1586.00,1038.00
             1586.00,1038.00 1586.00,1033.00 1586.00,1033.00 Z
           M 1590.00,1037.00
           C 1590.00,1037.00 1591.00,1037.00 1591.00,1037.00
             1591.00,1037.00 1590.00,1038.00 1590.00,1038.00
             1590.00,1038.00 1590.00,1037.00 1590.00,1037.00 Z
           M 1453.00,1063.00
           C 1456.09,1058.14 1450.83,1054.92 1447.00,1060.00
             1447.00,1060.00 1451.00,1061.00 1451.00,1061.00
             1451.00,1061.00 1447.00,1067.00 1447.00,1067.00
             1447.00,1067.00 1455.00,1068.00 1455.00,1068.00
             1455.00,1068.00 1453.00,1063.00 1453.00,1063.00 Z
           M 1586.00,1080.00
           C 1583.17,1078.08 1583.33,1078.25 1580.00,1079.00
             1580.00,1079.00 1580.00,1088.00 1580.00,1088.00
             1580.00,1088.00 1585.00,1088.00 1585.00,1088.00
             1585.00,1088.00 1585.00,1083.00 1585.00,1083.00
             1585.00,1083.00 1587.00,1089.00 1587.00,1089.00
             1589.69,1087.87 1591.94,1087.16 1592.67,1083.95
             1593.71,1079.40 1590.59,1076.68 1586.00,1080.00 Z
           M 1445.00,1079.00
           C 1445.00,1079.00 1445.00,1084.00 1445.00,1084.00
             1445.00,1084.00 1445.00,1079.00 1445.00,1079.00 Z
           M 1436.00,1083.00
           C 1436.00,1083.00 1439.00,1080.00 1439.00,1080.00
             1439.00,1080.00 1436.00,1083.00 1436.00,1083.00 Z
           M 1440.00,1083.00
           C 1440.00,1083.00 1441.00,1083.00 1441.00,1083.00
             1441.00,1083.00 1440.00,1084.00 1440.00,1084.00
             1440.00,1084.00 1440.00,1083.00 1440.00,1083.00 Z
           M 1646.00,1083.00
           C 1646.00,1083.00 1647.00,1083.00 1647.00,1083.00
             1647.00,1083.00 1646.00,1084.00 1646.00,1084.00
             1646.00,1084.00 1646.00,1083.00 1646.00,1083.00 Z" />
</svg>
