<?xml version="1.0" encoding="UTF-8" standalone="no"?>
<!DOCTYPE svg PUBLIC "-//W3C//DTD SVG 20010904//EN"
              "http://www.w3.org/TR/2001/REC-SVG-20010904/DTD/svg10.dtd">

<svg xmlns="http://www.w3.org/2000/svg"
     width="5.61333in" height="8.16in"
     viewBox="0 0 1684 2448">
  <path id="#-1"
        fill="none" stroke="black" stroke-width="1"
        d="M 1542.00,1876.00
           C 1542.00,1876.00 1545.00,1876.00 1545.00,1876.00
             1545.00,1876.00 1542.56,1896.00 1542.56,1896.00
             1542.10,1898.96 1540.64,1904.16 1541.33,1906.94
             1542.79,1912.87 1554.09,1911.55 1556.86,1907.69
             1556.86,1907.69 1564.23,1883.00 1564.23,1883.00
             1565.91,1879.26 1566.02,1877.42 1570.00,1876.00
             1569.47,1882.46 1567.78,1888.78 1566.00,1895.00
             1565.30,1897.44 1563.46,1903.53 1564.04,1905.85
             1565.09,1910.07 1572.60,1909.00 1576.00,1909.00
             1576.00,1909.00 1578.00,1906.00 1578.00,1906.00
             1575.81,1913.20 1574.48,1910.68 1570.63,1915.22
             1567.68,1918.70 1565.98,1923.52 1565.44,1928.00
             1565.03,1931.51 1565.63,1935.98 1569.21,1937.71
             1569.21,1937.71 1576.00,1939.00 1576.00,1939.00
             1574.03,1944.62 1567.93,1943.83 1564.57,1939.85
             1561.59,1936.33 1561.10,1927.60 1561.00,1923.00
             1556.94,1928.40 1556.43,1933.51 1554.78,1940.00
             1552.82,1947.71 1549.07,1962.58 1549.00,1970.00
             1553.86,1970.00 1562.82,1970.69 1561.63,1963.01
             1561.15,1959.89 1558.32,1958.05 1558.33,1955.90
             1558.34,1953.79 1560.66,1952.56 1562.50,1953.46
             1565.65,1955.01 1564.41,1960.32 1564.17,1963.00
             1564.17,1963.00 1563.53,1974.00 1563.53,1974.00
             1562.37,1978.62 1558.70,1982.65 1558.15,1985.00
             1556.88,1990.46 1563.26,1994.39 1568.00,1994.00
             1568.00,1994.00 1567.00,1988.00 1567.00,1988.00
             1576.21,1992.06 1570.20,1999.31 1564.00,1998.57
             1556.76,1997.70 1553.95,1988.85 1552.00,1983.00
             1546.63,1985.34 1547.45,1985.98 1545.28,1991.00
             1541.62,1999.47 1541.98,1997.63 1542.00,2007.00
             1542.02,2020.11 1550.02,2023.11 1541.00,2026.00
             1541.00,2026.00 1534.00,2021.00 1534.00,2021.00
             1534.00,2021.00 1535.43,2005.00 1535.43,2005.00
             1535.43,2005.00 1539.00,1984.00 1539.00,1984.00
             1536.34,1984.00 1530.54,1983.61 1528.42,1985.02
             1525.69,1986.83 1525.04,1991.98 1524.27,1995.00
             1522.66,2001.34 1519.13,2018.68 1514.00,2022.00
             1514.15,2015.00 1515.42,2006.88 1516.80,2000.00
             1517.34,1997.32 1519.10,1990.47 1518.31,1988.13
             1517.49,1985.68 1515.32,1985.01 1513.68,1983.32
             1511.81,1981.41 1510.60,1978.17 1507.95,1977.17
             1503.01,1975.30 1502.69,1980.83 1503.00,1984.00
             1496.45,1985.51 1495.23,1984.65 1495.00,1978.00
             1495.00,1978.00 1503.00,1973.59 1503.00,1973.59
             1507.92,1971.90 1511.83,1974.90 1516.00,1977.00
             1516.00,1977.00 1516.00,1972.00 1516.00,1972.00
             1519.00,1971.65 1521.28,1971.40 1523.26,1968.77
             1525.16,1966.27 1525.67,1958.38 1526.05,1955.00
             1526.05,1955.00 1529.82,1936.00 1529.82,1936.00
             1530.15,1933.21 1531.29,1923.41 1526.92,1923.34
             1523.42,1923.28 1522.65,1928.56 1521.90,1931.00
             1520.43,1935.77 1516.88,1941.45 1512.00,1943.26
             1505.76,1945.57 1502.89,1941.97 1504.00,1936.00
             1504.00,1936.00 1506.00,1936.00 1506.00,1936.00
             1512.96,1946.13 1519.38,1934.18 1519.00,1925.00
             1519.00,1925.00 1505.00,1926.00 1505.00,1926.00
             1505.00,1926.00 1505.00,1935.00 1505.00,1935.00
             1505.00,1935.00 1501.00,1932.58 1501.00,1932.58
             1501.00,1932.58 1501.00,1918.04 1501.00,1918.04
             1501.00,1918.04 1504.00,1914.00 1504.00,1914.00
             1505.06,1915.80 1507.03,1920.28 1508.43,1921.31
             1511.20,1923.34 1515.47,1921.16 1516.01,1917.95
             1516.51,1914.99 1513.51,1912.01 1513.10,1906.00
             1512.62,1899.23 1516.02,1891.34 1520.00,1886.00
             1522.31,1895.59 1518.56,1892.94 1516.57,1900.00
             1514.99,1905.62 1516.68,1909.59 1520.00,1914.00
             1525.73,1908.65 1530.25,1911.40 1533.28,1908.40
             1536.32,1905.39 1535.76,1898.01 1536.29,1894.00
             1537.67,1883.41 1539.74,1883.77 1542.00,1876.00 Z
           M 1573.00,1889.00
           C 1581.28,1890.82 1581.28,1898.57 1578.00,1905.00
             1578.00,1905.00 1573.00,1889.00 1573.00,1889.00 Z
           M 1542.04,1923.43
           C 1536.45,1925.89 1536.78,1929.58 1535.58,1935.00
             1535.58,1935.00 1532.43,1950.00 1532.43,1950.00
             1532.43,1950.00 1531.79,1957.00 1531.79,1957.00
             1531.21,1960.95 1528.71,1964.94 1529.69,1967.86
             1530.83,1971.23 1536.01,1971.83 1538.95,1970.88
             1543.92,1969.28 1544.77,1962.44 1545.58,1958.00
             1545.58,1958.00 1550.40,1934.00 1550.40,1934.00
             1550.86,1931.73 1552.34,1926.53 1550.94,1924.60
             1549.29,1922.32 1544.41,1923.06 1542.04,1923.43 Z
           M 1576.00,1930.00
           C 1570.31,1927.98 1573.11,1925.01 1577.00,1923.00
             1577.00,1923.00 1576.00,1930.00 1576.00,1930.00 Z
           M 1494.00,1973.00
           C 1494.02,1971.34 1493.91,1968.83 1494.57,1967.32
             1496.41,1963.13 1508.11,1955.25 1516.00,1968.00
             1516.00,1968.00 1506.00,1964.45 1506.00,1964.45
             1506.00,1964.45 1494.00,1973.00 1494.00,1973.00 Z
           M 1507.00,2017.00
           C 1501.90,2016.70 1498.27,2015.73 1497.23,2010.00
             1496.86,2007.97 1496.71,1999.75 1500.93,2001.34
             1504.19,2002.70 1500.74,2008.40 1500.93,2010.98
             1501.59,2014.12 1504.60,2015.49 1507.00,2017.00 Z" />
</svg>
