<?xml version="1.0" encoding="UTF-8" standalone="no"?>
<!DOCTYPE svg PUBLIC "-//W3C//DTD SVG 20010904//EN"
              "http://www.w3.org/TR/2001/REC-SVG-20010904/DTD/svg10.dtd">

<svg xmlns="http://www.w3.org/2000/svg"
     width="5.61333in" height="8.16in"
     viewBox="0 0 1684 2448">
  <path id="at-1"
        fill="none" stroke="black" stroke-width="1"
        d="M 1371.00,1907.00
           C 1373.63,1915.19 1380.81,1910.16 1380.42,1902.00
             1380.35,1900.47 1379.97,1898.15 1381.56,1897.17
             1383.35,1896.06 1386.31,1898.23 1385.24,1903.00
             1384.30,1907.13 1380.54,1910.71 1377.00,1912.77
             1373.56,1914.78 1371.26,1914.66 1369.09,1915.52
             1363.90,1917.57 1365.51,1919.85 1357.00,1920.00
             1347.63,1920.15 1341.92,1918.30 1334.04,1924.68
             1330.10,1927.87 1325.43,1935.45 1323.03,1940.00
             1321.41,1942.65 1319.61,1945.80 1323.03,1947.79
             1326.18,1949.47 1330.30,1947.57 1333.00,1946.05
             1336.73,1943.95 1340.37,1941.44 1342.91,1937.96
             1344.99,1935.11 1349.99,1926.60 1352.52,1924.99
             1354.33,1923.84 1356.92,1924.01 1359.00,1924.00
             1367.23,1923.95 1368.64,1924.10 1377.00,1923.00
             1376.71,1931.65 1373.94,1930.64 1371.90,1939.00
             1369.85,1947.38 1369.00,1970.76 1371.00,1979.00
             1379.39,1972.84 1377.99,1969.38 1378.00,1960.00
             1378.00,1960.00 1378.82,1948.00 1378.82,1948.00
             1378.83,1942.11 1376.26,1935.10 1386.00,1930.00
             1387.96,1940.94 1388.09,1964.09 1382.63,1973.83
             1379.82,1978.83 1377.61,1980.20 1373.73,1983.83
             1369.11,1988.16 1368.71,1990.34 1362.00,1992.00
             1362.00,1992.00 1359.00,1974.00 1359.00,1974.00
             1356.69,1978.32 1348.38,1992.11 1343.92,1993.27
             1341.06,1994.01 1338.69,1991.84 1337.04,1989.81
             1334.06,1986.16 1328.53,1975.64 1328.10,1971.00
             1327.36,1963.00 1332.53,1956.36 1335.00,1949.00
             1325.36,1950.94 1327.02,1952.16 1317.00,1950.00
             1316.44,1955.46 1313.71,1961.59 1314.25,1967.00
             1315.80,1982.50 1336.01,2004.02 1352.00,2004.09
             1361.30,2004.12 1362.39,1997.35 1371.00,1995.00
             1367.82,2001.79 1358.96,2013.90 1351.91,2016.53
             1344.65,2019.24 1338.11,2016.25 1332.00,2012.34
             1321.29,2005.50 1313.30,1997.95 1308.16,1986.00
             1305.53,1979.21 1305.48,1969.91 1308.16,1963.00
             1308.16,1963.00 1311.23,1956.04 1311.23,1956.04
             1313.75,1950.20 1316.13,1944.46 1319.46,1939.00
             1319.46,1939.00 1325.53,1930.00 1325.53,1930.00
             1329.86,1922.75 1334.21,1914.07 1342.00,1909.92
             1347.45,1907.01 1364.31,1907.00 1371.00,1907.00 Z
           M 1357.00,1937.00
           C 1346.12,1935.03 1342.37,1942.26 1339.41,1951.00
             1336.75,1958.84 1335.20,1957.28 1338.00,1966.00
             1338.00,1966.00 1340.00,1966.00 1340.00,1966.00
             1342.85,1957.54 1351.41,1944.11 1357.00,1937.00 Z
           M 1364.00,1938.00
           C 1351.93,1940.73 1344.01,1956.66 1341.80,1968.00
             1341.02,1971.99 1344.38,1981.96 1349.72,1979.83
             1351.09,1979.29 1353.03,1977.08 1354.05,1975.98
             1359.10,1970.54 1361.75,1967.60 1361.99,1960.00
             1361.99,1960.00 1364.00,1938.00 1364.00,1938.00 Z" />
</svg>
