<?xml version="1.0" encoding="UTF-8" standalone="no"?>
<!DOCTYPE svg PUBLIC "-//W3C//DTD SVG 20010904//EN"
              "http://www.w3.org/TR/2001/REC-SVG-20010904/DTD/svg10.dtd">

<svg xmlns="http://www.w3.org/2000/svg"
     width="6.4in" height="3.6in"
     viewBox="0 0 1920 1080">
  <path id="bracket-1"
        fill="none" stroke="black" stroke-width="1"
        d="M 639.00,387.00
           C 639.00,387.00 623.41,412.00 623.41,412.00
             618.86,418.65 612.76,423.12 606.00,427.30
             600.75,430.53 591.74,437.30 586.00,438.52
             576.98,440.44 572.83,437.64 565.00,434.14
             542.60,424.13 533.03,402.19 518.39,384.09
             518.39,384.09 510.73,376.82 510.73,376.82
             503.35,369.24 493.97,357.20 490.77,347.00
             490.77,347.00 482.58,316.00 482.58,316.00
             480.44,308.12 476.30,291.48 476.34,283.62
             476.34,283.62 476.34,275.37 476.34,275.37
             476.27,270.92 475.64,266.39 476.34,262.00
             477.79,254.92 481.17,251.54 481.28,240.37
             481.33,234.76 480.86,227.27 482.05,222.00
             486.07,204.11 497.88,189.02 506.22,173.00
             510.66,164.47 508.27,165.27 512.26,157.00
             512.26,157.00 544.42,100.00 544.42,100.00
             544.42,100.00 555.67,84.17 555.67,84.17
             558.99,80.35 560.42,79.98 563.96,75.00
             571.80,63.96 581.45,44.87 593.09,37.73
             597.15,35.24 599.41,37.08 603.00,35.60
             608.08,33.49 613.85,29.59 619.49,29.13
             619.49,29.13 630.17,29.13 630.17,29.13
             634.22,28.08 645.17,23.14 648.59,24.59
             650.00,25.18 650.20,25.93 651.00,27.00
             651.00,27.00 634.00,32.77 634.00,32.77
             634.00,32.77 622.58,34.99 622.58,34.99
             622.58,34.99 611.00,42.41 611.00,42.41
             611.00,42.41 596.73,50.39 596.73,50.39
             591.25,54.54 590.51,57.55 586.92,63.00
             586.92,63.00 579.23,74.00 579.23,74.00
             579.23,74.00 571.08,86.96 571.08,86.96
             571.08,86.96 560.50,98.09 560.50,98.09
             560.50,98.09 548.30,117.00 548.30,117.00
             548.30,117.00 539.96,128.00 539.96,128.00
             539.96,128.00 528.00,152.00 528.00,152.00
             522.41,161.73 512.74,174.80 512.72,186.13
             512.69,198.85 512.60,200.21 510.41,213.17
             509.37,219.31 507.80,220.69 507.72,227.63
             507.54,243.60 510.91,252.03 514.49,267.00
             516.66,276.08 519.32,290.84 523.26,299.00
             523.26,299.00 531.39,313.00 531.39,313.00
             534.24,316.63 537.41,318.87 539.95,323.00
             539.95,323.00 545.49,335.09 545.49,335.09
             545.49,335.09 568.49,360.00 568.49,360.00
             568.49,360.00 573.71,367.83 573.71,367.83
             582.41,379.83 591.60,386.37 606.28,388.51
             611.89,389.33 615.98,391.94 621.00,388.00
             621.00,388.00 639.00,387.00 639.00,387.00 Z" />
</svg>
