<?xml version="1.0" encoding="UTF-8" standalone="no"?>
<!DOCTYPE svg PUBLIC "-//W3C//DTD SVG 20010904//EN"
              "http://www.w3.org/TR/2001/REC-SVG-20010904/DTD/svg10.dtd">

<svg xmlns="http://www.w3.org/2000/svg"
     width="6.4in" height="3.6in"
     viewBox="0 0 1920 1080">
  <path id="bracketsq-1"
        fill="none" stroke="black" stroke-width="1"
        d="M 373.00,39.68
           C 378.41,38.51 392.01,37.43 393.07,45.02
             393.63,49.04 389.62,54.60 387.60,58.00
             387.60,58.00 369.68,88.89 369.68,88.89
             364.55,96.19 358.79,90.82 352.00,91.30
             352.00,91.30 340.72,93.77 340.72,93.77
             337.51,94.09 333.15,93.45 330.96,96.22
             328.99,98.73 329.69,110.06 329.74,113.67
             329.83,120.45 328.21,121.16 328.21,125.00
             328.21,125.00 329.72,135.63 329.72,135.63
             329.72,135.63 329.72,156.66 329.72,156.66
             329.74,166.40 327.87,166.62 327.66,172.63
             327.66,172.63 327.66,180.03 327.66,180.03
             327.06,184.74 325.30,187.02 325.80,192.46
             325.80,192.46 328.32,203.91 328.32,203.91
             328.32,203.91 328.86,216.30 328.86,216.30
             328.86,216.30 330.64,224.83 330.64,224.83
             330.64,224.83 330.64,238.16 330.64,238.16
             330.64,238.16 329.72,249.38 329.72,249.38
             329.72,249.38 329.72,276.38 329.72,276.38
             329.72,276.38 327.72,297.13 327.72,297.13
             327.72,297.13 327.72,308.38 327.72,308.38
             327.72,308.38 325.76,323.70 325.76,323.70
             325.76,323.70 325.76,336.01 325.76,336.01
             325.76,336.01 324.63,347.63 324.63,347.63
             324.63,347.63 324.63,359.17 324.63,359.17
             324.63,359.17 322.76,368.12 322.76,368.12
             322.76,368.12 323.53,377.72 323.53,377.72
             323.78,381.91 321.81,386.50 325.31,388.83
             330.31,392.15 339.89,386.26 346.00,386.28
             351.01,386.29 353.19,389.85 359.00,391.89
             362.71,393.20 367.78,392.84 368.36,397.11
             368.80,400.33 364.90,406.15 363.28,409.00
             363.28,409.00 347.72,436.00 347.72,436.00
             345.65,439.63 343.43,444.50 338.98,445.49
             336.21,446.10 329.49,445.65 327.00,444.29
             324.00,442.65 321.59,439.70 318.00,439.17
             314.77,438.68 311.97,440.56 309.00,441.37
             301.37,443.44 290.74,443.17 291.54,432.83
             291.54,432.83 291.54,428.00 291.54,428.00
             291.54,428.00 291.54,412.11 291.54,412.11
             291.26,405.56 292.25,406.46 293.17,401.30
             293.17,401.30 293.17,391.83 293.17,391.83
             293.17,391.83 294.27,373.72 294.27,373.72
             294.27,373.72 296.28,355.87 296.28,355.87
             296.28,355.87 296.28,335.62 296.28,335.62
             296.30,327.88 297.54,328.98 298.24,323.46
             298.24,323.46 298.24,310.92 298.24,310.92
             298.24,310.92 298.24,296.11 298.24,296.11
             298.24,296.11 299.28,281.62 299.28,281.62
             299.32,272.25 298.49,275.33 297.38,268.30
             297.38,268.30 297.38,259.86 297.38,259.86
             297.15,248.69 293.99,247.70 294.29,235.33
             294.29,235.33 295.94,224.17 295.94,224.17
             295.94,224.17 296.44,213.83 296.44,213.83
             297.15,207.53 298.27,207.88 298.19,199.87
             298.19,199.87 298.19,183.83 298.19,183.83
             297.44,177.04 296.18,177.21 296.29,169.11
             296.29,169.11 298.28,152.87 298.28,152.87
             298.28,152.87 298.28,121.34 298.28,121.34
             298.25,105.78 303.29,101.07 310.72,88.00
             310.72,88.00 328.02,59.00 328.02,59.00
             331.10,54.79 336.30,44.51 340.10,42.23
             343.26,40.75 358.23,42.08 363.00,42.23
             368.02,41.91 368.45,41.38 373.00,39.68 Z" />
</svg>
