<?xml version="1.0" encoding="UTF-8" standalone="no"?>
<!DOCTYPE svg PUBLIC "-//W3C//DTD SVG 20010904//EN"
              "http://www.w3.org/TR/2001/REC-SVG-20010904/DTD/svg10.dtd">

<svg xmlns="http://www.w3.org/2000/svg"
     width="6.4in" height="3.6in"
     viewBox="0 0 1920 1080">
  <path id="brace"
        fill="none" stroke="black" stroke-width="1"
        d="M 1034.00,280.00
           C 1034.09,278.32 1033.80,277.83 1034.78,276.17
             1034.78,276.17 1052.00,259.72 1052.00,259.72
             1054.86,257.19 1061.31,251.18 1062.99,248.01
             1062.99,248.01 1066.48,234.00 1066.48,234.00
             1066.48,234.00 1067.21,226.00 1067.21,226.00
             1067.21,226.00 1068.81,219.00 1068.81,219.00
             1069.84,212.67 1070.99,203.33 1071.00,197.00
             1071.00,197.00 1071.00,155.00 1071.00,155.00
             1071.02,141.74 1073.97,148.04 1074.00,128.00
             1074.02,116.19 1075.21,114.58 1081.69,105.00
             1083.72,102.00 1084.40,100.03 1087.13,97.46
             1087.13,97.46 1099.00,88.35 1099.00,88.35
             1099.00,88.35 1119.00,73.13 1119.00,73.13
             1119.00,73.13 1135.00,62.78 1135.00,62.78
             1140.10,59.33 1142.98,56.00 1149.00,54.00
             1148.59,61.89 1137.30,65.40 1132.69,71.29
             1130.86,73.64 1122.84,86.46 1122.15,89.00
             1122.15,89.00 1122.15,105.00 1122.15,105.00
             1121.87,115.09 1119.15,112.88 1119.00,122.00
             1119.00,122.00 1119.00,165.00 1119.00,165.00
             1118.99,171.09 1118.03,178.99 1116.91,185.00
             1116.91,185.00 1115.00,193.00 1115.00,193.00
             1115.00,193.00 1115.00,201.00 1115.00,201.00
             1115.00,201.00 1111.26,218.00 1111.26,218.00
             1108.70,224.71 1098.53,234.11 1093.00,238.72
             1093.00,238.72 1060.00,263.87 1060.00,263.87
             1054.13,268.27 1040.57,277.82 1034.00,280.00 Z" />
</svg>
