<?xml version="1.0" encoding="UTF-8" standalone="no"?>
<!DOCTYPE svg PUBLIC "-//W3C//DTD SVG 20010904//EN"
              "http://www.w3.org/TR/2001/REC-SVG-20010904/DTD/svg10.dtd">

<svg xmlns="http://www.w3.org/2000/svg"
     width="5.74667in" height="8.4in"
     viewBox="0 0 1724 2520">
  <path id="dollar-1"
        fill="none" stroke="black" stroke-width="1"
        d="M 1501.00,1736.00
           C 1506.37,1741.44 1503.17,1749.15 1503.01,1756.00
             1502.95,1758.88 1502.60,1763.17 1505.31,1764.98
             1507.72,1766.58 1514.75,1765.78 1518.00,1766.18
             1528.43,1767.48 1537.89,1776.98 1529.66,1787.00
             1529.66,1787.00 1522.80,1794.67 1522.80,1794.67
             1519.60,1797.92 1516.31,1799.66 1512.00,1801.00
             1513.09,1796.97 1514.60,1794.49 1517.49,1791.45
             1519.21,1789.65 1521.88,1788.20 1521.00,1785.27
             1518.97,1778.50 1509.92,1776.88 1504.00,1777.01
             1489.36,1777.35 1478.07,1782.48 1468.04,1793.00
             1463.37,1797.90 1459.16,1803.95 1461.32,1811.08
             1463.18,1817.23 1468.68,1820.89 1473.28,1824.90
             1476.47,1827.67 1485.40,1834.33 1489.00,1836.00
             1490.79,1826.01 1489.67,1820.04 1499.92,1814.00
             1500.62,1817.03 1500.17,1828.49 1499.92,1832.00
             1499.42,1836.31 1498.07,1839.90 1500.74,1843.91
             1503.52,1848.11 1515.46,1856.06 1519.99,1859.60
             1530.08,1867.48 1535.41,1877.17 1533.82,1890.00
             1532.48,1900.77 1521.84,1912.16 1513.28,1918.13
             1509.32,1920.90 1507.26,1919.37 1504.13,1921.17
             1499.36,1923.92 1500.10,1928.52 1499.89,1933.01
             1499.47,1941.56 1499.94,1950.01 1490.00,1953.00
             1490.00,1953.00 1490.00,1936.00 1490.00,1936.00
             1489.99,1933.09 1490.45,1928.86 1487.69,1927.02
             1485.53,1925.58 1479.82,1926.10 1477.00,1925.83
             1465.95,1924.78 1447.79,1922.17 1449.90,1907.00
             1450.24,1904.54 1450.57,1903.23 1451.72,1901.00
             1453.29,1897.95 1455.53,1895.32 1457.73,1892.72
             1461.26,1888.55 1463.55,1885.45 1469.00,1884.00
             1465.43,1892.89 1461.09,1893.25 1460.24,1899.00
             1458.87,1908.32 1468.66,1912.17 1476.00,1913.71
             1490.17,1916.69 1512.04,1917.70 1521.75,1904.71
             1529.88,1893.85 1521.77,1880.20 1513.27,1872.51
             1511.19,1870.63 1505.90,1866.38 1503.09,1866.41
             1499.64,1866.46 1497.77,1871.46 1495.91,1873.77
             1493.91,1876.26 1492.94,1876.35 1490.00,1877.00
             1490.00,1869.60 1490.79,1858.08 1485.70,1852.17
             1476.04,1840.95 1448.48,1832.16 1450.34,1814.00
             1451.25,1805.11 1456.35,1800.37 1461.74,1794.04
             1467.42,1787.37 1467.04,1786.97 1474.17,1780.72
             1478.69,1776.75 1484.89,1773.84 1487.00,1768.00
             1487.00,1768.00 1491.00,1770.00 1491.00,1770.00
             1491.00,1770.00 1493.93,1744.04 1493.93,1744.04
             1493.93,1744.04 1501.00,1736.00 1501.00,1736.00 Z" />
</svg>
