<?xml version="1.0" encoding="UTF-8" standalone="no"?>
<!DOCTYPE svg PUBLIC "-//W3C//DTD SVG 20010904//EN"
              "http://www.w3.org/TR/2001/REC-SVG-20010904/DTD/svg10.dtd">

<svg xmlns="http://www.w3.org/2000/svg"
     width="5.61333in" height="8.16in"
     viewBox="0 0 1684 2448">
  <path id="ET-1"
        fill="none" stroke="black" stroke-width="1"
        d="M 1439.00,1676.00
           C 1439.00,1676.00 1446.00,1675.00 1446.00,1675.00
             1446.81,1677.61 1447.92,1680.21 1447.76,1683.00
             1447.39,1689.68 1441.53,1695.22 1439.70,1702.00
             1439.70,1702.00 1436.64,1719.00 1436.64,1719.00
             1436.64,1719.00 1434.53,1726.00 1434.53,1726.00
             1434.53,1726.00 1433.55,1732.00 1433.55,1732.00
             1431.24,1742.00 1426.43,1755.86 1421.85,1765.00
             1419.90,1768.87 1414.27,1779.00 1410.79,1781.22
             1405.40,1784.68 1400.82,1779.02 1400.00,1774.00
             1395.78,1774.20 1385.40,1780.27 1383.31,1792.00
             1382.02,1799.23 1397.58,1808.24 1403.00,1811.35
             1404.71,1812.33 1408.94,1815.01 1410.79,1814.86
             1413.05,1814.67 1414.57,1811.67 1415.74,1810.00
             1419.02,1805.32 1421.86,1801.93 1426.00,1798.00
             1421.49,1809.13 1417.21,1807.14 1419.08,1818.00
             1419.57,1820.85 1420.11,1823.53 1421.72,1826.00
             1423.25,1828.33 1425.38,1830.38 1428.00,1831.41
             1430.77,1832.49 1434.76,1831.70 1434.63,1836.05
             1434.43,1842.70 1428.01,1842.37 1424.19,1838.77
             1419.36,1834.23 1416.90,1825.41 1416.00,1819.00
             1413.11,1821.87 1408.27,1827.30 1404.00,1827.51
             1400.58,1827.69 1392.94,1822.67 1390.04,1820.63
             1390.04,1820.63 1381.27,1813.74 1381.27,1813.74
             1374.22,1806.92 1365.13,1791.19 1366.46,1781.00
             1367.08,1776.35 1371.91,1767.04 1374.50,1763.00
             1380.92,1752.99 1388.04,1741.38 1399.00,1735.72
             1404.15,1733.06 1413.32,1732.35 1419.00,1733.47
             1422.09,1734.08 1425.48,1735.10 1424.21,1739.04
             1421.24,1748.28 1412.82,1742.71 1408.36,1753.00
             1404.01,1763.05 1413.39,1769.81 1416.61,1768.68
             1419.54,1767.65 1423.48,1757.04 1424.41,1754.00
             1424.41,1754.00 1431.49,1730.00 1431.49,1730.00
             1431.49,1730.00 1432.51,1723.00 1432.51,1723.00
             1433.96,1716.00 1434.93,1714.69 1435.00,1707.00
             1431.19,1707.77 1427.93,1708.96 1424.00,1708.52
             1418.81,1707.95 1412.02,1705.32 1407.00,1707.16
             1403.84,1708.32 1392.81,1715.39 1400.08,1718.40
             1404.32,1720.16 1409.88,1717.16 1414.00,1716.00
             1417.21,1728.40 1406.91,1722.99 1405.00,1722.66
             1401.73,1722.09 1392.48,1723.37 1394.35,1714.00
             1394.92,1711.14 1396.92,1709.29 1398.53,1707.00
             1404.16,1699.00 1408.24,1693.62 1419.00,1694.04
             1424.27,1694.24 1431.46,1696.98 1436.00,1695.26
             1441.47,1693.19 1449.76,1683.38 1439.00,1681.00
             1439.00,1681.00 1439.00,1676.00 1439.00,1676.00 Z
           M 1378.00,1787.00
           C 1382.72,1787.78 1385.36,1777.63 1392.98,1771.78
             1394.30,1770.78 1397.49,1770.64 1398.45,1769.27
             1395.90,1768.06 1400.27,1756.18 1402.00,1753.00
             1403.24,1750.58 1406.97,1745.09 1402.00,1745.05
             1407.36,1743.00 1398.33,1744.95 1397.00,1745.05
             1388.39,1746.92 1386.88,1748.72 1382.67,1756.00
             1382.67,1756.00 1376.44,1766.00 1376.44,1766.00
             1373.47,1772.29 1375.09,1781.00 1378.00,1787.00 Z" />
</svg>
