<?xml version="1.0" encoding="UTF-8" standalone="no"?>
<!DOCTYPE svg PUBLIC "-//W3C//DTD SVG 20010904//EN"
              "http://www.w3.org/TR/2001/REC-SVG-20010904/DTD/svg10.dtd">

<svg xmlns="http://www.w3.org/2000/svg"
     width="5.61333in" height="8.16in"
     viewBox="0 0 1684 2448">
  <path id="percent-1"
        fill="none" stroke="black" stroke-width="1"
        d="M 1528.00,1710.00
           C 1531.99,1712.02 1533.47,1714.49 1535.46,1714.67
             1536.98,1714.81 1540.29,1713.00 1542.00,1712.45
             1542.00,1712.45 1548.00,1710.72 1548.00,1710.72
             1554.33,1708.11 1560.52,1700.20 1565.00,1694.99
             1568.95,1690.39 1569.91,1686.04 1576.00,1685.00
             1570.22,1711.78 1558.38,1722.98 1544.38,1745.00
             1544.38,1745.00 1528.26,1773.00 1528.26,1773.00
             1528.26,1773.00 1523.98,1784.00 1523.98,1784.00
             1520.34,1792.79 1516.83,1799.13 1516.00,1809.00
             1516.00,1809.00 1522.00,1809.00 1522.00,1809.00
             1522.00,1809.00 1517.17,1816.09 1517.17,1816.09
             1517.17,1816.09 1515.43,1822.00 1515.43,1822.00
             1515.43,1822.00 1512.00,1829.00 1512.00,1829.00
             1501.12,1825.30 1508.87,1810.27 1511.26,1803.00
             1512.23,1800.06 1512.42,1798.90 1513.90,1796.00
             1513.90,1796.00 1521.43,1781.00 1521.43,1781.00
             1521.43,1781.00 1526.15,1769.28 1526.15,1769.28
             1526.15,1769.28 1532.71,1759.00 1532.71,1759.00
             1532.71,1759.00 1539.31,1746.17 1539.31,1746.17
             1539.31,1746.17 1552.56,1727.00 1552.56,1727.00
             1552.56,1727.00 1562.97,1710.00 1562.97,1710.00
             1563.64,1708.53 1565.31,1705.01 1564.59,1703.46
             1563.66,1701.44 1561.38,1703.34 1560.42,1704.20
             1560.42,1704.20 1552.26,1712.89 1552.26,1712.89
             1546.04,1718.18 1535.11,1718.66 1528.21,1723.84
             1523.82,1727.13 1524.05,1732.53 1519.52,1735.34
             1516.52,1737.21 1512.92,1737.02 1510.30,1734.57
             1501.29,1726.16 1514.41,1707.44 1523.00,1704.00
             1523.00,1704.00 1516.52,1718.98 1516.52,1718.98
             1516.44,1721.09 1518.15,1724.39 1520.73,1723.55
             1522.53,1722.96 1522.85,1720.53 1523.33,1719.00
             1524.70,1714.62 1525.61,1713.71 1528.00,1710.00 Z
           M 1564.00,1787.00
           C 1568.80,1788.68 1568.38,1792.38 1567.89,1797.00
             1567.20,1803.55 1557.44,1819.59 1549.23,1816.12
             1544.06,1813.93 1546.74,1806.18 1546.37,1802.00
             1546.06,1798.42 1544.52,1797.22 1542.00,1795.00
             1543.48,1792.84 1543.73,1792.37 1546.11,1791.03
             1546.11,1791.03 1549.00,1789.67 1549.00,1789.67
             1549.00,1789.67 1550.98,1788.97 1550.98,1788.97
             1559.15,1787.36 1553.00,1795.53 1553.20,1799.00
             1553.38,1802.06 1556.45,1805.73 1559.74,1803.92
             1563.26,1801.98 1560.88,1797.41 1561.18,1794.00
             1561.43,1791.22 1562.69,1789.37 1564.00,1787.00 Z" />
</svg>
