<?xml version="1.0" encoding="UTF-8" standalone="no"?>
<!DOCTYPE svg PUBLIC "-//W3C//DTD SVG 20010904//EN"
              "http://www.w3.org/TR/2001/REC-SVG-20010904/DTD/svg10.dtd">

<svg xmlns="http://www.w3.org/2000/svg"
     width="6.4in" height="3.6in"
     viewBox="0 0 1920 1080">
  <path id="semicolon-1"
        fill="none" stroke="black" stroke-width="1"
        d="M 762.21,79.04
           C 767.17,77.53 769.68,79.75 774.00,82.08
             774.00,82.08 794.00,92.72 794.00,92.72
             796.62,94.51 801.29,96.69 801.87,100.04
             802.45,103.31 797.95,110.07 796.28,113.00
             796.28,113.00 782.42,137.00 782.42,137.00
             780.77,139.89 777.32,146.64 774.79,148.38
             771.43,150.70 767.99,148.29 765.04,146.45
             765.04,146.45 757.91,141.51 757.91,141.51
             757.91,141.51 743.00,134.22 743.00,134.22
             740.02,132.62 736.21,130.62 735.53,126.96
             734.83,123.12 738.84,117.30 740.72,114.00
             740.72,114.00 753.99,91.00 753.99,91.00
             756.48,86.75 758.38,82.23 762.21,79.04 Z
           M 768.21,284.04
           C 772.53,282.80 772.00,283.83 776.00,284.70
             780.13,285.60 785.12,284.50 788.86,291.04
             790.73,294.30 790.88,299.25 792.05,303.00
             793.84,308.69 795.67,309.00 795.72,315.38
             795.72,315.38 795.72,323.66 795.72,323.66
             795.73,335.47 789.15,346.98 783.42,357.00
             783.42,357.00 765.40,389.00 765.40,389.00
             765.40,389.00 752.30,411.00 752.30,411.00
             751.22,412.63 748.15,417.42 745.63,415.83
             742.94,414.15 747.86,405.25 748.86,403.00
             753.90,391.69 764.66,378.31 764.27,365.86
             764.06,358.99 759.00,349.90 753.98,345.42
             751.44,343.15 742.80,336.38 741.74,333.82
             739.89,329.36 743.81,323.74 746.01,320.00
             746.01,320.00 758.72,298.00 758.72,298.00
             761.44,293.21 763.94,287.59 768.21,284.04 Z" />
</svg>
