<?xml version="1.0" encoding="UTF-8" standalone="no"?>
<!DOCTYPE svg PUBLIC "-//W3C//DTD SVG 20010904//EN"
              "http://www.w3.org/TR/2001/REC-SVG-20010904/DTD/svg10.dtd">

<svg xmlns="http://www.w3.org/2000/svg"
     width="5.61333in" height="8.16in"
     viewBox="0 0 1684 2448">
  <path id="star-1"
        fill="none" stroke="black" stroke-width="1"
        d="M 1535.00,2102.00
           C 1536.50,2098.89 1538.05,2095.89 1540.37,2093.30
             1541.50,2092.04 1543.99,2090.15 1544.36,2088.55
             1544.93,2086.06 1541.83,2083.98 1541.20,2081.83
             1540.55,2079.60 1541.68,2077.77 1542.95,2076.02
             1548.58,2068.17 1552.89,2074.20 1552.84,2079.00
             1552.79,2083.21 1547.93,2091.86 1546.00,2096.00
             1552.47,2094.93 1551.96,2092.26 1557.00,2088.00
             1557.79,2089.75 1558.56,2090.97 1558.51,2093.00
             1558.40,2097.57 1553.87,2103.90 1549.96,2106.08
             1546.25,2108.15 1543.32,2107.78 1541.52,2109.59
             1537.19,2113.96 1543.73,2117.52 1547.00,2119.00
             1545.68,2121.96 1542.59,2128.45 1539.68,2129.92
             1535.31,2132.12 1530.96,2126.34 1530.74,2122.03
             1530.58,2118.98 1532.30,2117.59 1533.34,2114.91
             1534.88,2110.96 1534.90,2108.05 1534.00,2104.00
             1530.19,2105.48 1517.14,2110.58 1525.15,2116.02
             1526.16,2116.71 1528.75,2117.54 1530.00,2118.00
             1524.93,2123.43 1523.50,2127.76 1516.00,2128.00
             1516.00,2120.61 1515.36,2115.51 1519.85,2109.01
             1523.68,2103.47 1528.51,2102.40 1529.13,2098.91
             1529.37,2097.56 1528.84,2096.24 1528.09,2095.14
             1524.89,2090.47 1518.64,2092.39 1514.00,2093.00
             1515.19,2086.65 1523.00,2073.62 1529.47,2083.13
             1534.88,2091.09 1531.86,2095.79 1535.00,2102.00 Z
           M 1547.00,2111.00
           C 1547.00,2111.00 1559.58,2117.68 1559.58,2117.68
             1562.40,2118.12 1565.77,2115.24 1567.96,2118.45
             1568.62,2119.41 1568.77,2120.76 1568.51,2121.88
             1567.66,2125.63 1563.70,2124.87 1561.00,2123.86
             1554.93,2121.58 1549.86,2116.69 1547.00,2111.00 Z
           M 1533.00,2210.00
           C 1537.02,2208.34 1537.71,2207.99 1542.00,2209.00
             1542.00,2209.00 1542.00,2211.00 1542.00,2211.00
             1537.96,2212.11 1536.60,2212.32 1533.00,2210.00 Z" />
</svg>
