<?xml version="1.0" encoding="UTF-8" standalone="no"?>
<!DOCTYPE svg PUBLIC "-//W3C//DTD SVG 20010904//EN"
              "http://www.w3.org/TR/2001/REC-SVG-20010904/DTD/svg10.dtd">

<svg xmlns="http://www.w3.org/2000/svg"
     width="6.4in" height="3.6in"
     viewBox="0 0 1920 1080">
  <path id="tilde-1"
        fill="none" stroke="black" stroke-width="1"
        d="M 1246.00,342.00
           C 1248.88,329.72 1259.49,316.79 1266.19,306.00
             1268.77,301.85 1277.43,288.19 1280.32,285.37
             1280.32,285.37 1287.00,280.22 1287.00,280.22
             1287.00,280.22 1302.00,269.69 1302.00,269.69
             1311.64,261.89 1311.10,258.02 1324.00,258.00
             1324.00,258.00 1345.00,258.00 1345.00,258.00
             1357.87,258.02 1356.01,260.71 1367.00,265.76
             1367.00,265.76 1375.83,269.40 1375.83,269.40
             1375.83,269.40 1395.00,281.36 1395.00,281.36
             1395.00,281.36 1404.00,286.03 1404.00,286.03
             1404.00,286.03 1413.00,292.17 1413.00,292.17
             1413.00,292.17 1426.00,297.54 1426.00,297.54
             1426.00,297.54 1434.00,302.00 1434.00,302.00
             1429.69,300.31 1454.89,307.44 1451.00,306.61
             1451.00,306.61 1457.00,307.17 1457.00,307.17
             1457.00,307.17 1466.00,308.96 1466.00,308.96
             1466.00,308.96 1472.00,308.96 1472.00,308.96
             1476.65,309.95 1478.79,312.36 1483.00,313.45
             1486.11,314.24 1493.46,314.01 1497.00,314.00
             1515.44,313.97 1523.27,305.11 1537.04,295.02
             1540.10,292.77 1548.87,283.67 1552.67,285.29
             1555.96,286.70 1553.12,291.16 1551.98,293.00
             1551.98,293.00 1538.34,314.00 1538.34,314.00
             1535.16,318.87 1529.23,328.93 1525.68,332.83
             1517.43,341.92 1517.25,339.82 1510.04,345.17
             1502.70,350.61 1506.75,348.78 1497.00,354.58
             1489.11,359.28 1480.42,363.87 1471.00,363.79
             1471.00,363.79 1449.00,363.79 1449.00,363.79
             1444.83,362.57 1443.04,360.05 1438.00,359.21
             1438.00,359.21 1417.00,356.63 1417.00,356.63
             1417.00,356.63 1401.00,352.31 1401.00,352.31
             1401.00,352.31 1379.00,342.18 1379.00,342.18
             1379.00,342.18 1370.83,336.37 1370.83,336.37
             1370.83,336.37 1360.00,330.81 1360.00,330.81
             1360.00,330.81 1342.00,319.40 1342.00,319.40
             1342.00,319.40 1333.00,315.59 1333.00,315.59
             1324.76,311.66 1321.61,308.12 1312.00,308.00
             1312.00,308.00 1294.00,308.00 1294.00,308.00
             1286.63,308.14 1281.55,313.50 1276.00,318.00
             1263.30,328.29 1259.85,326.67 1250.00,343.00
             1250.00,343.00 1246.00,342.00 1246.00,342.00 Z" />
</svg>
